# unix_time, cycles_done, cur_path, paths_total, pending_total, pending_favs, map_size, unique_crashes, unique_hangs, max_depth, execs_per_sec
1585674898, 0, 0, 1, 1, 1, 0.05%, 0, 0, 1, 142.86
1585674903, 0, 0, 11, 11, 1, 0.07%, 0, 0, 2, 400.96
1585674908, 0, 0, 12, 12, 1, 0.07%, 0, 0, 2, 452.04
1585674923, 0, 0, 13, 13, 1, 0.07%, 0, 0, 2, 466.69
1585674934, 0, 0, 15, 15, 1, 0.07%, 0, 0, 2, 466.39
1585674944, 0, 0, 17, 17, 1, 0.07%, 0, 0, 2, 475.09
1585674970, 0, 2, 17, 16, 4, 0.07%, 0, 0, 2, 507.73
1585674975, 0, 3, 18, 16, 3, 0.07%, 0, 0, 3, 482.65
1585674980, 0, 5, 18, 14, 2, 0.07%, 0, 0, 3, 485.55
1585674985, 0, 17, 19, 14, 1, 0.07%, 0, 0, 4, 484.75
1585674990, 0, 17, 21, 16, 1, 0.07%, 0, 0, 4, 492.49
1585675000, 0, 18, 21, 15, 1, 0.07%, 0, 0, 4, 507.52
1585675005, 1, 3, 21, 14, 0, 0.07%, 0, 0, 4, 400.62
1585675010, 1, 7, 21, 14, 0, 0.07%, 0, 0, 4, 466.29
1585675026, 1, 9, 21, 13, 0, 0.07%, 0, 0, 4, 476.67
1585675036, 1, 10, 21, 12, 0, 0.07%, 0, 0, 4, 453.90
1585675041, 1, 13, 21, 11, 0, 0.07%, 0, 0, 4, 491.31
1585675046, 2, 2, 21, 10, 0, 0.07%, 0, 0, 4, 417.63
1585675051, 2, 5, 21, 10, 0, 0.07%, 0, 0, 4, 413.71
1585675056, 2, 15, 22, 11, 0, 0.07%, 0, 0, 4, 438.41
1585675061, 2, 18, 22, 10, 0, 0.07%, 0, 0, 4, 417.85
1585675066, 3, 5, 22, 10, 0, 0.07%, 0, 0, 4, 435.53
1585675071, 3, 16, 22, 10, 0, 0.07%, 0, 0, 4, 513.04
1585675081, 4, 2, 22, 9, 0, 0.07%, 0, 0, 4, 391.89
1585675086, 4, 12, 22, 9, 0, 0.07%, 0, 0, 4, 432.78
1585675112, 4, 14, 22, 8, 0, 0.07%, 0, 0, 4, 492.26
1585675122, 4, 18, 22, 7, 0, 0.07%, 0, 0, 4, 467.33
1585675127, 4, 20, 22, 7, 0, 0.07%, 0, 0, 4, 560.45
1585675142, 4, 21, 22, 6, 0, 0.07%, 0, 0, 4, 526.87
1585675163, 5, 1, 22, 5, 0, 0.07%, 0, 0, 4, 482.10
1585675168, 5, 3, 22, 4, 0, 0.07%, 0, 0, 4, 441.11
1585675173, 5, 8, 22, 4, 0, 0.07%, 0, 0, 4, 468.07
1585675183, 5, 19, 22, 3, 0, 0.07%, 0, 0, 4, 518.20
1585675203, 6, 2, 22, 2, 0, 0.07%, 0, 0, 4, 445.76
1585675208, 6, 18, 22, 2, 0, 0.07%, 0, 0, 4, 455.60
1585675213, 7, 3, 23, 3, 0, 0.07%, 0, 0, 4, 462.78
1585675218, 7, 6, 24, 4, 0, 0.07%, 0, 0, 4, 492.55
1585675223, 7, 18, 24, 3, 0, 0.07%, 0, 0, 4, 471.42
1585675228, 7, 22, 24, 3, 0, 0.07%, 0, 0, 4, 557.09
1585675249, 8, 2, 24, 2, 0, 0.07%, 0, 0, 4, 458.36
1585675254, 8, 18, 24, 2, 0, 0.07%, 0, 0, 4, 459.49
1585675259, 8, 20, 24, 2, 0, 0.07%, 0, 0, 4, 448.53
1585675264, 8, 23, 24, 2, 0, 0.07%, 0, 0, 4, 529.62
1585675294, 9, 4, 24, 1, 0, 0.07%, 0, 0, 4, 382.25
1585675300, 9, 18, 24, 1, 0, 0.07%, 0, 1, 4, 80.58
1585675305, 10, 4, 24, 1, 0, 0.07%, 0, 1, 4, 399.86
1585675310, 10, 18, 24, 1, 0, 0.07%, 0, 1, 4, 393.39
1585675315, 11, 3, 24, 1, 0, 0.07%, 0, 1, 4, 343.86
1585675321, 11, 7, 24, 1, 0, 0.07%, 0, 1, 4, 370.55
1585675326, 11, 11, 24, 1, 0, 0.07%, 0, 1, 4, 516.99
1585675341, 12, 2, 24, 0, 0, 0.07%, 0, 1, 4, 462.61
1585675346, 12, 18, 24, 0, 0, 0.07%, 0, 1, 4, 455.56
1585675351, 13, 3, 24, 0, 0, 0.07%, 0, 1, 4, 443.76
1585675356, 13, 18, 24, 0, 0, 0.07%, 0, 1, 4, 441.65
1585675361, 14, 4, 24, 0, 0, 0.07%, 0, 1, 4, 442.60
1585675366, 14, 23, 24, 0, 0, 0.07%, 0, 1, 4, 442.71
1585675371, 15, 3, 24, 0, 0, 0.07%, 0, 1, 4, 442.65
1585675377, 15, 8, 24, 0, 0, 0.07%, 0, 1, 4, 438.86
1585675382, 15, 19, 24, 0, 0, 0.07%, 0, 1, 4, 438.07
1585675387, 16, 4, 24, 0, 0, 0.07%, 0, 1, 4, 442.63
1585675392, 17, 2, 24, 0, 0, 0.07%, 0, 1, 4, 426.88
1585675397, 17, 5, 24, 0, 0, 0.07%, 0, 1, 4, 453.30
1585675402, 17, 18, 24, 0, 0, 0.07%, 0, 1, 4, 398.32
1585675408, 18, 4, 24, 0, 0, 0.07%, 0, 1, 4, 433.94
1585675413, 18, 18, 24, 0, 0, 0.07%, 0, 1, 4, 439.43
1585675418, 18, 23, 24, 0, 0, 0.07%, 0, 1, 4, 462.95
1585675423, 19, 5, 24, 0, 0, 0.07%, 0, 1, 4, 449.35
1585675428, 20, 3, 24, 0, 0, 0.07%, 0, 1, 4, 440.10
1585675433, 20, 18, 24, 0, 0, 0.07%, 0, 1, 4, 441.39
1585675438, 21, 4, 24, 0, 0, 0.07%, 0, 1, 4, 440.01
1585675443, 21, 18, 24, 0, 0, 0.07%, 0, 1, 4, 439.64
1585675448, 22, 5, 24, 0, 0, 0.07%, 0, 1, 4, 444.06
1585675454, 23, 1, 24, 0, 0, 0.07%, 0, 1, 4, 438.59
1585675459, 23, 4, 24, 0, 0, 0.07%, 0, 1, 4, 432.92
1585675464, 23, 18, 24, 0, 0, 0.07%, 0, 1, 4, 405.69
1585675469, 24, 4, 24, 0, 0, 0.07%, 0, 1, 4, 414.93
1585675474, 24, 18, 24, 0, 0, 0.07%, 0, 1, 4, 407.02
1585675479, 24, 20, 24, 0, 0, 0.07%, 0, 1, 4, 442.51
1585675484, 25, 5, 24, 0, 0, 0.07%, 0, 1, 4, 463.94
1585675489, 25, 18, 24, 0, 0, 0.07%, 0, 1, 4, 470.81
1585675494, 26, 4, 24, 0, 0, 0.07%, 0, 1, 4, 473.83
1585675499, 26, 18, 24, 0, 0, 0.07%, 1, 2, 4, 17.74
1585675504, 27, 4, 24, 0, 0, 0.07%, 1, 3, 4, 436.27
1585675509, 27, 18, 24, 0, 0, 0.07%, 1, 3, 4, 425.85
1585675515, 28, 3, 24, 0, 0, 0.07%, 1, 3, 4, 425.04
1585675520, 28, 18, 24, 0, 0, 0.07%, 1, 3, 4, 430.36
1585675525, 29, 4, 24, 0, 0, 0.07%, 2, 3, 4, 409.96
1585675530, 29, 18, 24, 0, 0, 0.07%, 2, 3, 4, 417.09
1585675535, 29, 21, 24, 0, 0, 0.07%, 2, 3, 4, 399.91
1585675540, 30, 3, 24, 0, 0, 0.07%, 2, 3, 4, 451.12
1585675545, 30, 11, 24, 0, 0, 0.07%, 2, 3, 4, 422.89
1585675550, 30, 18, 24, 0, 0, 0.07%, 3, 3, 4, 455.21
1585675555, 31, 5, 24, 0, 0, 0.07%, 3, 3, 4, 459.61
1585675560, 31, 22, 24, 0, 0, 0.07%, 4, 3, 4, 465.53
1585675565, 32, 3, 24, 0, 0, 0.07%, 4, 3, 4, 451.92
1585675570, 32, 18, 24, 0, 0, 0.07%, 4, 3, 4, 423.07
1585675576, 33, 3, 24, 0, 0, 0.07%, 4, 3, 4, 405.92
1585675581, 33, 18, 24, 0, 0, 0.07%, 4, 3, 4, 429.87
1585675586, 34, 4, 24, 0, 0, 0.07%, 4, 3, 4, 439.66
1585675591, 34, 18, 24, 0, 0, 0.07%, 4, 3, 4, 442.87
1585675596, 35, 4, 24, 0, 0, 0.07%, 4, 3, 4, 419.69
1585675601, 35, 13, 24, 0, 0, 0.07%, 4, 3, 4, 446.27
1585675607, 36, 3, 24, 0, 0, 0.07%, 4, 3, 4, 453.11
1585675612, 36, 18, 24, 0, 0, 0.07%, 4, 3, 4, 451.39
1585675617, 36, 22, 24, 0, 0, 0.07%, 4, 3, 4, 416.06
1585675622, 37, 4, 24, 0, 0, 0.07%, 4, 3, 4, 386.90
1585675627, 37, 18, 24, 0, 0, 0.07%, 4, 3, 4, 390.85
1585675632, 38, 2, 24, 0, 0, 0.07%, 4, 3, 4, 396.47
1585675637, 38, 5, 24, 0, 0, 0.07%, 4, 3, 4, 432.16
1585675642, 38, 18, 24, 0, 0, 0.07%, 4, 3, 4, 440.33
1585675647, 39, 3, 24, 0, 0, 0.07%, 4, 3, 4, 427.49
1585675652, 39, 9, 24, 0, 0, 0.07%, 4, 3, 4, 400.19
1585675657, 39, 20, 24, 0, 0, 0.07%, 4, 3, 4, 408.09
1585675662, 40, 4, 24, 0, 0, 0.07%, 4, 3, 4, 419.68
1585675667, 40, 7, 24, 0, 0, 0.07%, 4, 3, 4, 409.24
1585675672, 41, 2, 24, 0, 0, 0.07%, 4, 4, 4, 438.10
1585675677, 41, 5, 24, 0, 0, 0.07%, 4, 4, 4, 423.79
1585675683, 41, 18, 24, 0, 0, 0.07%, 4, 4, 4, 422.54
1585675688, 42, 4, 24, 0, 0, 0.07%, 4, 4, 4, 422.41
1585675693, 42, 14, 24, 0, 0, 0.07%, 4, 4, 4, 398.72
1585675698, 43, 0, 24, 0, 0, 0.07%, 4, 4, 4, 392.22
1585675703, 43, 4, 24, 0, 0, 0.07%, 4, 4, 4, 387.98
1585675708, 43, 18, 24, 0, 0, 0.07%, 4, 4, 4, 424.13
1585675713, 44, 2, 24, 0, 0, 0.07%, 4, 4, 4, 383.14
1585675718, 44, 18, 24, 0, 0, 0.07%, 4, 4, 4, 393.84
1585675723, 45, 3, 24, 0, 0, 0.07%, 4, 4, 4, 426.60
1585675729, 45, 18, 24, 0, 0, 0.07%, 4, 4, 4, 431.02
1585675734, 46, 4, 24, 0, 0, 0.07%, 4, 4, 4, 415.75
1585675739, 46, 18, 24, 0, 0, 0.07%, 4, 4, 4, 419.63
1585675744, 47, 3, 24, 0, 0, 0.07%, 4, 4, 4, 380.27
1585675749, 47, 18, 24, 0, 0, 0.07%, 4, 4, 4, 414.54
1585675754, 48, 4, 24, 0, 0, 0.07%, 4, 4, 4, 434.14
1585675759, 48, 18, 24, 0, 0, 0.07%, 4, 4, 4, 429.00
1585675764, 49, 3, 24, 0, 0, 0.07%, 4, 4, 4, 422.60
1585675769, 49, 18, 24, 0, 0, 0.07%, 4, 4, 4, 386.01
1585675775, 50, 4, 24, 0, 0, 0.07%, 4, 4, 4, 437.91
1585675780, 50, 18, 24, 0, 0, 0.07%, 4, 4, 4, 436.82
1585675785, 51, 5, 24, 0, 0, 0.07%, 4, 4, 4, 436.70
1585675790, 51, 16, 24, 0, 0, 0.07%, 4, 4, 4, 393.71
1585675795, 52, 2, 24, 0, 0, 0.07%, 4, 4, 4, 406.54
1585675800, 52, 6, 24, 0, 0, 0.07%, 4, 4, 4, 425.54
1585675805, 52, 18, 24, 0, 0, 0.07%, 4, 4, 4, 431.27
1585675810, 53, 5, 24, 0, 0, 0.07%, 4, 4, 4, 441.73
1585675815, 53, 18, 24, 0, 0, 0.07%, 4, 4, 4, 411.27
1585675820, 54, 4, 24, 0, 0, 0.07%, 5, 4, 4, 435.25
1585675825, 54, 18, 24, 0, 0, 0.07%, 5, 4, 4, 434.10
1585675831, 55, 3, 24, 0, 0, 0.07%, 5, 4, 4, 419.55
1585675836, 55, 18, 24, 0, 0, 0.07%, 5, 4, 4, 412.78
1585675841, 56, 4, 24, 0, 0, 0.07%, 5, 4, 4, 403.42
1585675846, 57, 2, 24, 0, 0, 0.07%, 5, 4, 4, 433.88
1585675851, 57, 5, 24, 0, 0, 0.07%, 5, 4, 4, 398.20
1585675856, 57, 18, 24, 0, 0, 0.07%, 5, 4, 4, 428.16
1585675861, 58, 4, 24, 0, 0, 0.07%, 5, 4, 4, 395.37
1585675866, 58, 18, 24, 0, 0, 0.07%, 5, 4, 4, 413.99
1585675871, 59, 4, 24, 0, 0, 0.07%, 5, 4, 4, 434.47
1585675876, 59, 18, 24, 0, 0, 0.07%, 5, 4, 4, 415.78
1585675881, 60, 0, 24, 0, 0, 0.07%, 5, 4, 4, 416.83
1585675886, 60, 4, 24, 0, 0, 0.07%, 5, 4, 4, 445.00
1585675892, 60, 18, 24, 0, 0, 0.07%, 5, 4, 4, 414.22
1585675897, 61, 5, 24, 0, 0, 0.07%, 5, 4, 4, 434.89
1585675902, 61, 22, 24, 0, 0, 0.07%, 5, 4, 4, 448.29
1585675907, 62, 5, 24, 0, 0, 0.07%, 5, 4, 4, 428.58
1585675912, 63, 2, 24, 0, 0, 0.07%, 5, 4, 4, 410.54
1585675917, 63, 4, 24, 0, 0, 0.07%, 5, 4, 4, 364.02
1585675922, 63, 18, 24, 0, 0, 0.07%, 5, 4, 4, 410.58
1585675927, 64, 5, 24, 0, 0, 0.07%, 5, 4, 4, 415.29
1585675932, 64, 18, 24, 0, 0, 0.07%, 5, 4, 4, 415.27
1585675937, 65, 3, 24, 0, 0, 0.07%, 5, 4, 4, 389.95
1585675942, 65, 18, 24, 0, 0, 0.07%, 5, 4, 4, 404.08
1585675947, 66, 2, 24, 0, 0, 0.07%, 5, 4, 4, 421.99
1585675953, 66, 5, 24, 0, 0, 0.07%, 5, 4, 4, 419.57
1585675958, 67, 3, 24, 0, 0, 0.07%, 5, 4, 4, 425.98
1585675963, 67, 8, 24, 0, 0, 0.07%, 5, 4, 4, 438.04
1585675968, 68, 2, 24, 0, 0, 0.07%, 5, 4, 4, 441.45
1585675973, 68, 5, 24, 0, 0, 0.07%, 5, 4, 4, 435.08
1585675978, 68, 18, 24, 0, 0, 0.07%, 5, 4, 4, 436.57
1585675983, 69, 4, 24, 0, 0, 0.07%, 5, 4, 4, 428.69
1585675988, 70, 0, 24, 0, 0, 0.07%, 5, 4, 4, 439.98
1585675993, 70, 4, 24, 0, 0, 0.07%, 5, 4, 4, 424.10
1585675998, 71, 2, 24, 0, 0, 0.07%, 5, 4, 4, 456.23
1585676003, 71, 5, 24, 0, 0, 0.07%, 5, 4, 4, 448.26
1585676009, 72, 2, 24, 0, 0, 0.07%, 5, 4, 4, 428.81
1585676014, 72, 5, 24, 0, 0, 0.07%, 5, 4, 4, 439.88
1585676019, 73, 2, 24, 0, 0, 0.07%, 5, 4, 4, 402.21
1585676024, 73, 5, 24, 0, 0, 0.07%, 5, 4, 4, 405.48
1585676029, 74, 2, 24, 0, 0, 0.07%, 5, 4, 4, 398.93
1585676034, 74, 5, 24, 0, 0, 0.07%, 5, 4, 4, 407.26
1585676039, 75, 3, 24, 0, 0, 0.07%, 5, 4, 4, 434.97
1585676044, 75, 18, 24, 0, 0, 0.07%, 5, 4, 4, 430.42
1585676049, 76, 3, 24, 0, 0, 0.07%, 5, 4, 4, 381.51
1585676054, 76, 18, 24, 0, 0, 0.07%, 5, 4, 4, 446.76
1585676059, 77, 3, 24, 0, 0, 0.07%, 5, 4, 4, 441.60
1585676064, 77, 8, 24, 0, 0, 0.07%, 5, 4, 4, 415.96
1585676069, 78, 3, 24, 0, 0, 0.07%, 5, 4, 4, 445.91
1585676074, 78, 18, 24, 0, 0, 0.07%, 5, 4, 4, 437.28
1585676080, 79, 4, 24, 0, 0, 0.07%, 5, 4, 4, 424.68
1585676085, 79, 18, 24, 0, 0, 0.07%, 5, 4, 4, 427.05
1585676090, 80, 3, 24, 0, 0, 0.07%, 5, 4, 4, 431.79
1585676095, 80, 10, 24, 0, 0, 0.07%, 5, 4, 4, 426.71
1585676100, 81, 3, 24, 0, 0, 0.07%, 5, 4, 4, 430.22
1585676105, 81, 18, 24, 0, 0, 0.07%, 5, 4, 4, 419.02
1585676110, 82, 3, 24, 0, 0, 0.07%, 5, 4, 4, 403.46
1585676115, 82, 18, 24, 0, 0, 0.07%, 5, 4, 4, 421.74
1585676120, 83, 2, 24, 0, 0, 0.07%, 5, 4, 4, 422.31
1585676125, 83, 11, 24, 0, 0, 0.07%, 5, 4, 4, 420.13
1585676130, 84, 2, 24, 0, 0, 0.07%, 5, 4, 4, 422.47
1585676136, 84, 5, 24, 0, 0, 0.07%, 5, 4, 4, 426.39
1585676141, 85, 3, 24, 0, 0, 0.07%, 5, 4, 4, 439.25
1585676146, 85, 18, 24, 0, 0, 0.07%, 5, 4, 4, 428.32
1585676151, 86, 3, 24, 0, 0, 0.07%, 6, 4, 4, 424.62
1585676156, 86, 9, 24, 0, 0, 0.07%, 6, 4, 4, 427.72
1585676161, 86, 18, 24, 0, 0, 0.07%, 6, 4, 4, 419.22
1585676166, 87, 3, 24, 0, 0, 0.07%, 6, 4, 4, 410.27
1585676171, 87, 8, 24, 0, 0, 0.07%, 6, 4, 4, 339.40
1585676176, 87, 19, 24, 0, 0, 0.07%, 6, 4, 4, 375.15
1585676181, 88, 2, 24, 0, 0, 0.07%, 6, 4, 4, 176.25
1585676186, 88, 5, 24, 0, 0, 0.07%, 6, 4, 4, 303.05
1585676191, 89, 0, 24, 0, 0, 0.07%, 6, 4, 4, 344.40
1585676197, 89, 4, 24, 0, 0, 0.07%, 6, 4, 4, 377.68
1585676202, 89, 18, 24, 0, 0, 0.07%, 6, 4, 4, 372.09
1585676207, 90, 4, 24, 0, 0, 0.07%, 6, 4, 4, 397.20
1585676212, 90, 17, 24, 0, 0, 0.07%, 6, 4, 4, 392.85
1585676217, 91, 2, 24, 0, 0, 0.07%, 6, 4, 4, 412.22
1585676222, 91, 5, 24, 0, 0, 0.07%, 6, 4, 4, 405.84
1585676228, 92, 2, 24, 0, 0, 0.07%, 6, 4, 4, 403.08
1585676233, 92, 4, 24, 0, 0, 0.07%, 6, 4, 4, 362.67
1585676238, 93, 2, 24, 0, 0, 0.07%, 6, 4, 4, 408.91
1585676243, 93, 5, 24, 0, 0, 0.07%, 6, 4, 4, 447.79
1585676248, 94, 2, 24, 0, 0, 0.07%, 6, 4, 4, 460.03
1585676253, 94, 5, 24, 0, 0, 0.07%, 6, 4, 4, 430.95
1585676258, 95, 2, 24, 0, 0, 0.07%, 6, 4, 4, 433.74
1585676263, 95, 12, 24, 0, 0, 0.07%, 6, 4, 4, 445.05
1585676268, 96, 2, 24, 0, 0, 0.07%, 6, 4, 4, 444.32
1585676273, 96, 9, 24, 0, 0, 0.07%, 6, 4, 4, 441.75
1585676279, 97, 2, 24, 0, 0, 0.07%, 6, 4, 4, 444.93
1585676284, 97, 5, 24, 0, 0, 0.07%, 6, 4, 4, 441.43
1585676289, 97, 19, 24, 0, 0, 0.07%, 6, 4, 4, 443.08
1585676294, 98, 4, 24, 0, 0, 0.07%, 6, 4, 4, 449.49
1585676299, 98, 18, 24, 0, 0, 0.07%, 6, 4, 4, 455.68
1585676304, 99, 3, 24, 0, 0, 0.07%, 6, 4, 4, 438.25
1585676309, 99, 18, 24, 0, 0, 0.07%, 6, 4, 4, 445.34
1585676314, 100, 4, 24, 0, 0, 0.07%, 6, 4, 4, 413.53
1585676320, 101, 1, 24, 0, 0, 0.07%, 6, 4, 4, 414.14
1585676325, 101, 4, 24, 0, 0, 0.07%, 6, 4, 4, 429.91
1585676330, 101, 18, 24, 0, 0, 0.07%, 6, 4, 4, 433.18
1585676335, 102, 4, 24, 0, 0, 0.07%, 6, 4, 4, 434.64
1585676340, 102, 18, 24, 0, 0, 0.07%, 6, 4, 4, 418.93
1585676345, 103, 2, 24, 0, 0, 0.07%, 6, 4, 4, 434.70
1585676350, 103, 5, 24, 0, 0, 0.07%, 6, 4, 4, 435.54
1585676355, 103, 20, 24, 0, 0, 0.07%, 6, 4, 4, 446.58
1585676360, 104, 4, 24, 0, 0, 0.07%, 6, 4, 4, 458.70
1585676366, 104, 18, 24, 0, 0, 0.07%, 6, 4, 4, 456.04
1585676371, 105, 4, 24, 0, 0, 0.07%, 6, 4, 4, 437.38
1585676376, 105, 12, 24, 0, 0, 0.07%, 6, 4, 4, 428.70
1585676381, 106, 2, 24, 0, 0, 0.07%, 6, 4, 4, 437.11
1585676386, 106, 5, 24, 0, 0, 0.07%, 6, 4, 4, 432.09
1585676391, 107, 2, 24, 0, 0, 0.07%, 6, 4, 4, 421.24
1585676396, 107, 5, 24, 0, 0, 0.07%, 6, 4, 4, 418.55
1585676401, 108, 2, 24, 0, 0, 0.07%, 6, 4, 4, 418.73
1585676406, 108, 14, 24, 0, 0, 0.07%, 6, 4, 4, 419.67
1585676411, 109, 2, 24, 0, 0, 0.07%, 6, 4, 4, 442.81
1585676416, 109, 5, 24, 0, 0, 0.07%, 6, 4, 4, 419.54
1585676421, 109, 18, 24, 0, 0, 0.07%, 6, 4, 4, 412.18
1585676426, 110, 3, 24, 0, 0, 0.07%, 6, 4, 4, 389.33
1585676431, 110, 7, 24, 0, 0, 0.07%, 6, 4, 4, 423.73
1585676437, 111, 2, 24, 0, 0, 0.07%, 6, 4, 4, 412.46
1585676442, 111, 4, 24, 0, 0, 0.07%, 6, 4, 4, 338.01
1585676447, 111, 18, 24, 0, 0, 0.07%, 6, 4, 4, 388.38
1585676452, 112, 5, 24, 0, 0, 0.07%, 6, 4, 4, 434.39
1585676457, 112, 19, 24, 0, 0, 0.07%, 6, 4, 4, 403.32
1585676462, 113, 3, 24, 0, 0, 0.07%, 6, 4, 4, 408.65
1585676467, 113, 5, 24, 0, 0, 0.07%, 6, 4, 4, 356.35
1585676472, 113, 18, 24, 0, 0, 0.07%, 6, 4, 4, 382.91
1585676477, 114, 4, 24, 0, 0, 0.07%, 6, 4, 4, 411.62
1585676482, 114, 18, 24, 0, 0, 0.07%, 6, 4, 4, 414.92
1585676487, 115, 4, 24, 0, 0, 0.07%, 6, 4, 4, 419.56
1585676492, 115, 18, 24, 0, 0, 0.07%, 6, 4, 4, 412.77
1585676497, 116, 4, 24, 0, 0, 0.07%, 6, 4, 4, 399.99
1585676503, 116, 18, 24, 0, 0, 0.07%, 6, 4, 4, 393.20
1585676508, 117, 3, 24, 0, 0, 0.07%, 6, 4, 4, 425.24
1585676513, 117, 7, 24, 0, 0, 0.07%, 6, 4, 4, 433.21
1585676518, 118, 3, 24, 0, 0, 0.07%, 6, 4, 4, 416.13
1585676523, 118, 17, 24, 0, 0, 0.07%, 6, 4, 4, 395.38
1585676528, 119, 2, 24, 0, 0, 0.07%, 6, 4, 4, 416.00
1585676533, 119, 5, 24, 0, 0, 0.07%, 6, 4, 4, 384.76
1585676538, 120, 2, 24, 0, 0, 0.07%, 6, 4, 4, 433.95
1585676544, 120, 5, 24, 0, 0, 0.07%, 6, 4, 4, 427.72
1585676549, 121, 3, 24, 0, 0, 0.07%, 6, 4, 4, 415.14
1585676554, 121, 16, 24, 0, 0, 0.07%, 6, 4, 4, 412.33
1585676559, 122, 3, 24, 0, 0, 0.07%, 6, 4, 4, 432.38
1585676564, 122, 11, 24, 0, 0, 0.07%, 6, 4, 4, 405.33
1585676569, 122, 19, 24, 0, 0, 0.07%, 6, 4, 4, 432.41
1585676574, 123, 3, 24, 0, 0, 0.07%, 6, 4, 4, 425.11
1585676579, 123, 18, 24, 0, 0, 0.07%, 6, 4, 4, 416.24
1585676584, 124, 3, 24, 0, 0, 0.07%, 6, 4, 4, 407.32
1585676589, 124, 18, 24, 0, 0, 0.07%, 6, 4, 4, 440.07
1585676594, 125, 4, 24, 0, 0, 0.07%, 6, 4, 4, 443.06
1585676599, 125, 18, 24, 0, 0, 0.07%, 6, 4, 4, 438.93
1585676605, 126, 4, 24, 0, 0, 0.07%, 6, 4, 4, 415.16
1585676610, 126, 8, 24, 0, 0, 0.07%, 6, 4, 4, 398.76
1585676615, 127, 2, 24, 0, 0, 0.07%, 6, 4, 4, 399.79
1585676620, 127, 5, 24, 0, 0, 0.07%, 6, 4, 4, 421.70
1585676625, 128, 3, 24, 0, 0, 0.07%, 6, 4, 4, 443.66
1585676631, 128, 13, 24, 0, 0, 0.07%, 6, 4, 4, 465.19
1585676636, 128, 19, 24, 0, 0, 0.07%, 6, 4, 4, 468.74
1585676641, 129, 4, 24, 0, 0, 0.07%, 6, 4, 4, 467.00
1585676646, 129, 18, 24, 0, 0, 0.07%, 6, 4, 4, 460.43
1585676651, 130, 5, 24, 0, 0, 0.07%, 6, 4, 4, 458.50
1585676656, 130, 20, 24, 0, 0, 0.07%, 6, 4, 4, 471.23
1585676661, 131, 4, 24, 0, 0, 0.07%, 6, 4, 4, 453.63
1585676667, 131, 21, 24, 0, 0, 0.07%, 6, 4, 4, 450.32
1585676672, 132, 3, 24, 0, 0, 0.07%, 6, 4, 4, 462.81
1585676677, 132, 18, 24, 0, 0, 0.07%, 6, 4, 4, 472.67
1585676682, 133, 5, 24, 0, 0, 0.07%, 6, 4, 4, 474.46
1585676687, 133, 18, 24, 0, 0, 0.07%, 6, 4, 4, 444.09
1585676692, 134, 2, 24, 0, 0, 0.07%, 6, 4, 4, 448.93
1585676697, 134, 5, 24, 0, 0, 0.07%, 6, 4, 4, 440.69
1585676702, 134, 20, 24, 0, 0, 0.07%, 6, 4, 4, 435.85
1585676707, 135, 4, 24, 0, 0, 0.07%, 6, 4, 4, 443.26
1585676712, 136, 2, 24, 0, 0, 0.07%, 6, 4, 4, 458.19
1585676717, 136, 5, 24, 0, 0, 0.07%, 6, 4, 4, 463.40
1585676722, 136, 18, 24, 0, 0, 0.07%, 6, 4, 4, 472.50
1585676727, 137, 2, 24, 0, 0, 0.07%, 6, 4, 4, 436.09
1585676732, 137, 18, 24, 0, 0, 0.07%, 6, 4, 4, 433.03
1585676737, 138, 2, 24, 0, 0, 0.07%, 6, 4, 4, 435.39
1585676742, 138, 5, 24, 0, 0, 0.07%, 6, 4, 4, 418.62
1585676747, 138, 18, 24, 0, 0, 0.07%, 6, 4, 4, 436.59
1585676752, 139, 4, 24, 0, 0, 0.07%, 6, 4, 4, 436.64
1585676757, 139, 18, 24, 0, 0, 0.07%, 6, 4, 4, 434.63
1585676762, 140, 4, 24, 0, 0, 0.07%, 6, 4, 4, 439.47
1585676768, 140, 18, 24, 0, 0, 0.07%, 6, 4, 4, 442.77
1585676773, 141, 4, 24, 0, 0, 0.07%, 6, 4, 4, 427.73
1585676778, 141, 14, 24, 0, 0, 0.07%, 6, 4, 4, 416.52
1585676783, 141, 23, 24, 0, 0, 0.07%, 6, 4, 4, 425.01
1585676788, 142, 4, 24, 0, 0, 0.07%, 6, 4, 4, 406.34
1585676793, 142, 18, 24, 0, 0, 0.07%, 6, 4, 4, 398.60
1585676798, 143, 5, 24, 0, 0, 0.07%, 6, 4, 4, 435.33
1585676803, 144, 2, 24, 0, 0, 0.07%, 6, 4, 4, 433.14
1585676808, 144, 5, 24, 0, 0, 0.07%, 6, 4, 4, 415.07
1585676813, 145, 2, 24, 0, 0, 0.07%, 6, 4, 4, 402.12
1585676819, 145, 18, 24, 0, 0, 0.07%, 6, 4, 4, 437.81
1585676824, 145, 20, 24, 0, 0, 0.07%, 6, 4, 4, 425.01
1585676829, 146, 3, 24, 0, 0, 0.07%, 6, 4, 4, 428.93
1585676834, 146, 12, 24, 0, 0, 0.07%, 6, 4, 4, 428.59
1585676839, 147, 0, 24, 0, 0, 0.07%, 6, 4, 4, 421.34
1585676844, 147, 4, 24, 0, 0, 0.07%, 6, 4, 4, 436.41
1585676849, 147, 18, 24, 0, 0, 0.07%, 6, 4, 4, 418.30
1585676854, 148, 4, 24, 0, 0, 0.07%, 6, 4, 4, 438.61
1585676859, 148, 18, 24, 0, 0, 0.07%, 6, 4, 4, 450.55
1585676864, 149, 3, 24, 0, 0, 0.07%, 6, 4, 4, 451.30
1585676869, 149, 18, 24, 0, 0, 0.07%, 6, 4, 4, 447.73
1585676875, 150, 4, 24, 0, 0, 0.07%, 6, 4, 4, 468.28
1585676880, 150, 18, 24, 0, 0, 0.07%, 6, 4, 4, 454.91
1585676885, 151, 4, 24, 0, 0, 0.07%, 6, 4, 4, 459.50
1585676890, 151, 18, 24, 0, 0, 0.07%, 6, 4, 4, 466.60
1585676895, 152, 4, 24, 0, 0, 0.07%, 6, 4, 4, 458.88
1585676900, 152, 17, 24, 0, 0, 0.07%, 6, 4, 4, 461.94
1585676905, 153, 2, 24, 0, 0, 0.07%, 6, 4, 4, 449.03
1585676910, 153, 5, 24, 0, 0, 0.07%, 6, 4, 4, 431.96
1585676915, 153, 11, 24, 0, 0, 0.07%, 6, 4, 4, 427.35
1585676920, 153, 20, 24, 0, 0, 0.07%, 6, 4, 4, 437.42
1585676925, 154, 2, 24, 0, 0, 0.07%, 6, 4, 4, 433.96
1585676930, 154, 18, 24, 0, 0, 0.07%, 6, 4, 4, 399.31
1585676935, 155, 2, 24, 0, 0, 0.07%, 6, 4, 4, 394.89
1585676940, 155, 5, 24, 0, 0, 0.07%, 6, 4, 4, 427.92
1585676946, 156, 2, 24, 0, 0, 0.07%, 6, 4, 4, 438.82
1585676951, 156, 5, 24, 0, 0, 0.07%, 6, 4, 4, 434.81
1585676956, 157, 3, 24, 0, 0, 0.07%, 6, 4, 4, 448.05
1585676961, 157, 11, 24, 0, 0, 0.07%, 6, 4, 4, 424.63
1585676966, 158, 2, 24, 0, 0, 0.07%, 6, 4, 4, 437.60
1585676971, 158, 5, 24, 0, 0, 0.07%, 6, 4, 4, 440.32
1585676976, 159, 2, 24, 0, 0, 0.07%, 6, 4, 4, 439.07
1585676981, 159, 18, 24, 0, 0, 0.07%, 6, 4, 4, 448.70
1585676986, 160, 3, 24, 0, 0, 0.07%, 6, 4, 4, 451.10
1585676991, 160, 18, 24, 0, 0, 0.07%, 6, 4, 4, 444.85
1585676996, 161, 5, 24, 0, 0, 0.07%, 6, 4, 4, 456.54
1585677002, 161, 23, 24, 0, 0, 0.07%, 6, 4, 4, 450.76
1585677007, 162, 4, 24, 0, 0, 0.07%, 6, 4, 4, 435.52
1585677012, 162, 18, 24, 0, 0, 0.07%, 6, 4, 4, 441.74
1585677017, 163, 5, 24, 0, 0, 0.07%, 6, 4, 4, 442.28
1585677022, 163, 18, 24, 0, 0, 0.07%, 6, 4, 4, 465.44
1585677027, 164, 5, 24, 0, 0, 0.07%, 7, 4, 4, 446.88
1585677032, 164, 18, 24, 0, 0, 0.07%, 7, 4, 4, 462.50
1585677037, 165, 4, 24, 0, 0, 0.07%, 7, 4, 4, 453.40
1585677042, 165, 18, 24, 0, 0, 0.07%, 7, 4, 4, 439.63
1585677047, 166, 3, 24, 0, 0, 0.07%, 7, 4, 4, 456.57
1585677052, 166, 7, 24, 0, 0, 0.07%, 7, 4, 4, 451.93
1585677057, 167, 2, 24, 0, 0, 0.07%, 7, 4, 4, 444.77
1585677062, 167, 18, 24, 0, 0, 0.07%, 7, 4, 4, 436.61
1585677067, 168, 2, 24, 0, 0, 0.07%, 7, 4, 4, 433.59
1585677073, 168, 5, 24, 0, 0, 0.07%, 8, 4, 4, 442.56
1585677078, 169, 3, 24, 0, 0, 0.07%, 8, 4, 4, 447.89
1585677083, 169, 17, 24, 0, 0, 0.07%, 8, 4, 4, 451.20
1585677088, 169, 20, 24, 0, 0, 0.07%, 8, 4, 4, 430.88
1585677093, 170, 4, 24, 0, 0, 0.07%, 8, 4, 4, 439.21
1585677098, 171, 2, 24, 0, 0, 0.07%, 8, 4, 4, 462.06
1585677103, 171, 5, 24, 0, 0, 0.07%, 8, 4, 4, 469.72
1585677108, 172, 3, 24, 0, 0, 0.07%, 8, 4, 4, 460.00
1585677114, 172, 18, 24, 0, 0, 0.07%, 8, 4, 4, 453.12
1585677119, 173, 2, 24, 0, 0, 0.07%, 8, 4, 4, 463.21
1585677124, 173, 5, 24, 0, 0, 0.07%, 8, 4, 4, 446.57
1585677129, 174, 3, 24, 0, 0, 0.07%, 8, 4, 4, 424.18
1585677134, 174, 6, 24, 0, 0, 0.07%, 8, 4, 4, 432.10
1585677139, 175, 2, 24, 0, 0, 0.07%, 8, 4, 4, 423.36
1585677144, 175, 6, 24, 0, 0, 0.07%, 8, 4, 4, 437.82
1585677149, 175, 18, 24, 0, 0, 0.07%, 8, 4, 4, 377.06
1585677154, 176, 2, 24, 0, 0, 0.07%, 8, 4, 4, 396.88
1585677159, 176, 5, 24, 0, 0, 0.07%, 8, 4, 4, 417.87
1585677164, 177, 3, 24, 0, 0, 0.07%, 8, 4, 4, 466.57
1585677169, 177, 18, 24, 0, 0, 0.07%, 8, 4, 4, 438.34
1585677175, 178, 3, 24, 0, 0, 0.07%, 8, 4, 4, 352.37
1585677180, 178, 7, 24, 0, 0, 0.07%, 8, 4, 4, 428.44
1585677185, 178, 18, 24, 0, 0, 0.07%, 8, 4, 4, 424.73
1585677190, 179, 3, 24, 0, 0, 0.07%, 8, 4, 4, 433.17
1585677195, 179, 18, 24, 0, 0, 0.07%, 8, 4, 4, 446.33
1585677200, 179, 20, 24, 0, 0, 0.07%, 8, 4, 4, 432.19
1585677205, 180, 4, 24, 0, 0, 0.07%, 8, 4, 4, 414.62
1585677210, 180, 18, 24, 0, 0, 0.07%, 8, 4, 4, 417.55
1585677215, 181, 2, 24, 0, 0, 0.07%, 8, 4, 4, 324.36
1585677220, 181, 5, 24, 0, 0, 0.07%, 8, 4, 4, 390.11
1585677225, 181, 18, 24, 0, 0, 0.07%, 8, 4, 4, 410.42
1585677230, 182, 4, 24, 0, 0, 0.07%, 8, 4, 4, 401.81
1585677236, 182, 21, 24, 0, 0, 0.07%, 8, 4, 4, 387.82
1585677241, 183, 4, 24, 0, 0, 0.07%, 8, 4, 4, 397.68
1585677246, 183, 17, 24, 0, 0, 0.07%, 8, 4, 4, 414.23
1585677251, 183, 21, 24, 0, 0, 0.07%, 8, 4, 4, 432.35
1585677256, 184, 4, 24, 0, 0, 0.07%, 8, 4, 4, 411.39
1585677261, 185, 2, 24, 0, 0, 0.07%, 8, 4, 4, 434.76
1585677266, 185, 5, 24, 0, 0, 0.07%, 8, 4, 4, 407.73
1585677271, 185, 18, 24, 0, 0, 0.07%, 8, 4, 4, 405.53
1585677276, 186, 3, 24, 0, 0, 0.07%, 8, 4, 4, 402.66
1585677281, 186, 15, 24, 0, 0, 0.07%, 8, 4, 4, 408.14
1585677286, 186, 20, 24, 0, 0, 0.07%, 8, 4, 4, 402.80
1585677292, 187, 3, 24, 0, 0, 0.07%, 8, 4, 4, 422.20
1585677297, 187, 15, 24, 0, 0, 0.07%, 8, 4, 4, 405.16
1585677302, 187, 20, 24, 0, 0, 0.07%, 8, 4, 4, 390.56
1585677307, 188, 3, 24, 0, 0, 0.07%, 8, 4, 4, 414.80
1585677312, 188, 18, 24, 0, 0, 0.07%, 8, 4, 4, 404.17
1585677317, 189, 4, 24, 0, 0, 0.07%, 8, 4, 4, 423.69
1585677322, 189, 18, 24, 0, 0, 0.07%, 8, 4, 4, 409.53
1585677327, 190, 4, 24, 0, 0, 0.07%, 8, 4, 4, 395.45
1585677332, 190, 18, 24, 0, 0, 0.07%, 8, 4, 4, 398.25
1585677337, 191, 3, 24, 0, 0, 0.07%, 8, 4, 4, 398.05
1585677342, 191, 18, 24, 0, 0, 0.07%, 8, 4, 4, 399.06
1585677347, 192, 3, 24, 0, 0, 0.07%, 8, 4, 4, 404.03
1585677352, 192, 18, 24, 0, 0, 0.07%, 8, 4, 4, 416.79
1585677358, 193, 4, 24, 0, 0, 0.07%, 8, 4, 4, 421.30
1585677363, 193, 18, 24, 0, 0, 0.07%, 8, 4, 4, 403.54
1585677368, 194, 3, 24, 0, 0, 0.07%, 8, 4, 4, 383.02
1585677373, 194, 18, 24, 0, 0, 0.07%, 8, 4, 4, 400.06
1585677378, 195, 2, 24, 0, 0, 0.07%, 8, 4, 4, 421.20
1585677383, 195, 8, 24, 0, 0, 0.07%, 8, 4, 4, 424.89
1585677388, 195, 18, 24, 0, 0, 0.07%, 8, 4, 4, 420.85
1585677393, 195, 21, 24, 0, 0, 0.07%, 8, 4, 4, 410.82
1585677398, 196, 4, 24, 0, 0, 0.07%, 8, 4, 4, 406.96
1585677404, 196, 18, 24, 0, 0, 0.07%, 8, 4, 4, 412.04
1585677409, 197, 4, 24, 0, 0, 0.07%, 8, 4, 4, 417.58
1585677414, 197, 18, 24, 0, 0, 0.07%, 8, 4, 4, 382.83
1585677419, 198, 4, 24, 0, 0, 0.07%, 8, 4, 4, 421.33
1585677424, 198, 18, 24, 0, 0, 0.07%, 8, 4, 4, 392.15
1585677429, 199, 2, 24, 0, 0, 0.07%, 8, 4, 4, 403.35
1585677434, 199, 5, 24, 0, 0, 0.07%, 8, 4, 4, 402.40
1585677439, 200, 2, 24, 0, 0, 0.07%, 8, 4, 4, 405.36
1585677444, 200, 5, 24, 0, 0, 0.07%, 8, 4, 4, 419.04
1585677449, 201, 2, 24, 0, 0, 0.07%, 8, 4, 4, 407.29
1585677454, 201, 5, 24, 0, 0, 0.07%, 8, 4, 4, 401.27
1585677459, 201, 23, 24, 0, 0, 0.07%, 8, 4, 4, 389.38
1585677464, 202, 4, 24, 0, 0, 0.07%, 8, 4, 4, 399.39
1585677469, 202, 8, 24, 0, 0, 0.07%, 8, 4, 4, 394.03
1585677474, 203, 3, 24, 0, 0, 0.07%, 8, 4, 4, 411.47
1585677480, 203, 18, 24, 0, 0, 0.07%, 8, 4, 4, 398.74
1585677485, 204, 3, 24, 0, 0, 0.07%, 8, 4, 4, 387.16
1585677490, 204, 18, 24, 0, 0, 0.07%, 8, 4, 4, 408.94
1585677495, 205, 3, 24, 0, 0, 0.07%, 8, 4, 4, 407.70
1585677500, 205, 18, 24, 0, 0, 0.07%, 8, 4, 4, 398.03
1585677505, 206, 4, 24, 0, 0, 0.07%, 8, 4, 4, 400.25
1585677510, 206, 6, 24, 0, 0, 0.07%, 8, 4, 4, 388.98
1585677515, 207, 2, 24, 0, 0, 0.07%, 8, 4, 4, 415.76
1585677520, 207, 5, 24, 0, 0, 0.07%, 8, 4, 4, 418.55
1585677525, 207, 18, 24, 0, 0, 0.07%, 8, 4, 4, 427.21
1585677530, 208, 4, 24, 0, 0, 0.07%, 8, 4, 4, 416.88
1585677536, 209, 2, 24, 0, 0, 0.07%, 8, 4, 4, 427.50
1585677541, 209, 18, 24, 0, 0, 0.07%, 8, 4, 4, 416.05
1585677546, 210, 3, 24, 0, 0, 0.07%, 8, 4, 4, 429.10
1585677551, 210, 18, 24, 0, 0, 0.07%, 8, 4, 4, 435.76
1585677556, 211, 3, 24, 0, 0, 0.07%, 8, 4, 4, 423.07
1585677561, 211, 7, 24, 0, 0, 0.07%, 8, 4, 4, 418.21
1585677566, 212, 2, 24, 0, 0, 0.07%, 8, 4, 4, 413.15
1585677571, 212, 5, 24, 0, 0, 0.07%, 8, 4, 4, 414.13
1585677576, 212, 18, 24, 0, 0, 0.07%, 8, 4, 4, 401.15
1585677581, 213, 4, 24, 0, 0, 0.07%, 8, 4, 4, 400.74
1585677586, 213, 17, 24, 0, 0, 0.07%, 8, 4, 4, 396.04
1585677592, 213, 23, 24, 0, 0, 0.07%, 8, 4, 4, 396.56
1585677597, 214, 4, 24, 0, 0, 0.07%, 8, 4, 4, 402.79
1585677602, 214, 18, 24, 0, 0, 0.07%, 8, 4, 4, 408.70
1585677607, 215, 4, 24, 0, 0, 0.07%, 8, 4, 4, 419.32
1585677612, 215, 18, 24, 0, 0, 0.07%, 8, 4, 4, 370.52
1585677617, 216, 3, 24, 0, 0, 0.07%, 8, 4, 4, 418.38
1585677622, 216, 18, 24, 0, 0, 0.07%, 8, 4, 4, 430.93
1585677627, 216, 21, 24, 0, 0, 0.07%, 8, 4, 4, 410.72
1585677632, 217, 4, 24, 0, 0, 0.07%, 8, 4, 4, 431.00
1585677637, 217, 18, 24, 0, 0, 0.07%, 8, 4, 4, 440.38
1585677642, 218, 4, 24, 0, 0, 0.07%, 8, 4, 4, 432.16
1585677648, 218, 18, 24, 0, 0, 0.07%, 8, 4, 4, 438.62
1585677653, 219, 4, 24, 0, 0, 0.07%, 8, 4, 4, 444.71
1585677658, 219, 18, 24, 0, 0, 0.07%, 8, 4, 4, 453.73
1585677663, 220, 4, 24, 0, 0, 0.07%, 8, 4, 4, 446.14
1585677668, 220, 18, 24, 0, 0, 0.07%, 8, 4, 4, 439.29
1585677673, 221, 2, 24, 0, 0, 0.07%, 8, 4, 4, 419.36
1585677678, 221, 5, 24, 0, 0, 0.07%, 8, 4, 4, 399.10
1585677683, 221, 18, 24, 0, 0, 0.07%, 8, 4, 4, 389.03
1585677688, 222, 4, 24, 0, 0, 0.07%, 8, 4, 4, 402.44
1585677693, 222, 18, 24, 0, 0, 0.07%, 8, 4, 4, 405.33
1585677698, 223, 2, 24, 0, 0, 0.07%, 8, 4, 4, 428.13
1585677703, 223, 5, 24, 0, 0, 0.07%, 8, 4, 4, 412.92
1585677708, 223, 18, 24, 0, 0, 0.07%, 8, 4, 4, 411.31
1585677713, 223, 20, 24, 0, 0, 0.07%, 8, 4, 4, 431.12
1585677718, 224, 4, 24, 0, 0, 0.07%, 8, 4, 4, 450.01
1585677723, 224, 18, 24, 0, 0, 0.07%, 8, 4, 4, 434.51
1585677729, 225, 4, 24, 0, 0, 0.07%, 8, 4, 4, 444.80
1585677734, 225, 18, 24, 0, 0, 0.07%, 8, 4, 4, 442.60
1585677739, 226, 5, 24, 0, 0, 0.07%, 8, 4, 4, 439.54
1585677744, 226, 18, 24, 0, 0, 0.07%, 8, 4, 4, 433.02
1585677749, 227, 4, 24, 0, 0, 0.07%, 8, 4, 4, 438.89
1585677754, 227, 18, 24, 0, 0, 0.07%, 8, 4, 4, 415.16
1585677759, 228, 4, 24, 0, 0, 0.07%, 8, 4, 4, 447.51
1585677764, 228, 16, 24, 0, 0, 0.07%, 8, 4, 4, 443.70
1585677769, 229, 3, 24, 0, 0, 0.07%, 8, 4, 4, 427.00
1585677774, 229, 15, 24, 0, 0, 0.07%, 8, 4, 4, 430.36
1585677779, 230, 2, 24, 0, 0, 0.07%, 8, 4, 4, 439.05
1585677785, 230, 5, 24, 0, 0, 0.07%, 8, 4, 4, 430.00
1585677790, 230, 18, 24, 0, 0, 0.07%, 8, 4, 4, 422.64
1585677795, 231, 2, 24, 0, 0, 0.07%, 8, 4, 4, 431.24
1585677800, 231, 5, 24, 0, 0, 0.07%, 8, 4, 4, 405.46
1585677805, 231, 18, 24, 0, 0, 0.07%, 8, 4, 4, 442.81
1585677810, 232, 3, 24, 0, 0, 0.07%, 8, 4, 4, 440.56
1585677815, 232, 18, 24, 0, 0, 0.07%, 8, 4, 4, 448.60
1585677820, 233, 4, 24, 0, 0, 0.07%, 8, 4, 4, 459.81
1585677825, 233, 18, 24, 0, 0, 0.07%, 8, 4, 4, 453.51
1585677831, 234, 4, 24, 0, 0, 0.07%, 8, 4, 4, 453.32
1585677836, 234, 18, 24, 0, 0, 0.07%, 8, 4, 4, 460.89
1585677841, 235, 4, 24, 0, 0, 0.07%, 8, 4, 4, 438.98
1585677846, 235, 18, 24, 0, 0, 0.07%, 8, 4, 4, 451.75
1585677851, 236, 3, 24, 0, 0, 0.07%, 8, 4, 4, 436.45
1585677856, 236, 12, 24, 0, 0, 0.07%, 8, 4, 4, 367.38
1585677861, 236, 18, 24, 0, 0, 0.07%, 8, 4, 4, 304.01
1585677866, 237, 4, 24, 0, 0, 0.07%, 8, 4, 4, 349.78
1585677871, 237, 14, 24, 0, 0, 0.07%, 8, 4, 4, 355.03
1585677876, 237, 18, 24, 0, 0, 0.07%, 8, 4, 4, 398.10
1585677881, 238, 4, 24, 0, 0, 0.07%, 8, 4, 4, 410.06
1585677886, 239, 2, 24, 0, 0, 0.07%, 8, 4, 4, 403.17
1585677892, 239, 5, 24, 0, 0, 0.07%, 8, 4, 4, 421.34
1585677897, 239, 19, 24, 0, 0, 0.07%, 8, 4, 4, 428.73
1585677902, 240, 2, 24, 0, 0, 0.07%, 8, 4, 4, 424.31
1585677907, 240, 5, 24, 0, 0, 0.07%, 8, 4, 4, 422.15
1585677912, 241, 3, 24, 0, 0, 0.07%, 8, 4, 4, 426.66
1585677917, 241, 13, 24, 0, 0, 0.07%, 8, 4, 4, 429.10
1585677922, 242, 2, 24, 0, 0, 0.07%, 8, 4, 4, 405.40
1585677927, 242, 5, 24, 0, 0, 0.07%, 8, 4, 4, 406.21
1585677932, 242, 19, 24, 0, 0, 0.07%, 8, 4, 4, 411.76
1585677937, 243, 3, 24, 0, 0, 0.07%, 8, 4, 4, 406.65
1585677942, 243, 18, 24, 0, 0, 0.07%, 8, 4, 4, 390.42
1585677947, 244, 3, 24, 0, 0, 0.07%, 8, 4, 4, 378.37
1585677952, 244, 18, 24, 0, 0, 0.07%, 8, 4, 4, 404.28
1585677957, 245, 4, 24, 0, 0, 0.07%, 8, 4, 4, 421.35
1585677962, 245, 18, 24, 0, 0, 0.07%, 8, 4, 4, 418.85
1585677967, 246, 5, 24, 0, 0, 0.07%, 8, 4, 4, 425.03
1585677972, 247, 2, 24, 0, 0, 0.07%, 8, 4, 4, 405.21
1585677978, 247, 5, 24, 0, 0, 0.07%, 8, 4, 4, 417.85
1585677983, 247, 18, 24, 0, 0, 0.07%, 8, 4, 4, 414.43
1585677988, 248, 2, 24, 0, 0, 0.07%, 9, 4, 4, 405.43
1585677993, 248, 5, 24, 0, 0, 0.07%, 9, 4, 4, 401.65
1585677998, 249, 2, 24, 0, 0, 0.07%, 9, 4, 4, 378.85
1585678003, 249, 5, 24, 0, 0, 0.07%, 9, 4, 4, 418.94
1585678008, 250, 2, 24, 0, 0, 0.07%, 9, 4, 4, 387.29
1585678013, 250, 5, 24, 0, 0, 0.07%, 9, 4, 4, 370.02
1585678018, 251, 2, 24, 0, 0, 0.07%, 9, 4, 4, 414.23
1585678023, 251, 18, 24, 0, 0, 0.07%, 9, 4, 4, 435.73
1585678028, 252, 3, 24, 0, 0, 0.07%, 9, 4, 4, 464.34
1585678033, 252, 8, 24, 0, 0, 0.07%, 9, 4, 4, 474.35
1585678038, 253, 2, 24, 0, 0, 0.07%, 9, 4, 4, 469.95
1585678043, 253, 5, 24, 0, 0, 0.07%, 9, 4, 4, 444.72
1585678048, 254, 3, 24, 0, 0, 0.07%, 9, 4, 4, 456.38
1585678053, 254, 18, 24, 0, 0, 0.07%, 9, 4, 4, 449.06
1585678059, 255, 4, 24, 0, 0, 0.07%, 9, 4, 4, 434.00
1585678064, 256, 2, 24, 0, 0, 0.07%, 9, 4, 4, 441.61
1585678069, 256, 5, 24, 0, 0, 0.07%, 9, 4, 4, 438.84
1585678074, 256, 11, 24, 0, 0, 0.07%, 9, 4, 4, 448.19
1585678079, 257, 3, 24, 0, 0, 0.07%, 9, 4, 4, 441.93
1585678084, 257, 13, 24, 0, 0, 0.07%, 9, 4, 4, 435.92
1585678089, 258, 3, 24, 0, 0, 0.07%, 9, 4, 4, 444.48
1585678094, 258, 10, 24, 0, 0, 0.07%, 9, 4, 4, 458.53
1585678099, 258, 18, 24, 0, 0, 0.07%, 9, 4, 4, 450.89
1585678104, 259, 5, 24, 0, 0, 0.07%, 9, 4, 4, 435.72
1585678110, 259, 18, 24, 0, 0, 0.07%, 9, 4, 4, 446.55
1585678115, 260, 5, 24, 0, 0, 0.07%, 9, 4, 4, 439.73
1585678120, 261, 2, 24, 0, 0, 0.07%, 9, 4, 4, 452.86
1585678125, 261, 18, 24, 0, 0, 0.07%, 9, 4, 4, 461.86
1585678130, 262, 3, 24, 0, 0, 0.07%, 9, 4, 4, 452.23
1585678135, 262, 18, 24, 0, 0, 0.07%, 9, 4, 4, 455.97
1585678140, 263, 4, 24, 0, 0, 0.07%, 9, 4, 4, 451.27
1585678145, 263, 18, 24, 0, 0, 0.07%, 9, 4, 4, 452.72
1585678151, 264, 3, 24, 0, 0, 0.07%, 9, 4, 4, 450.30
1585678156, 264, 18, 24, 0, 0, 0.07%, 9, 4, 4, 445.85
1585678161, 265, 4, 24, 0, 0, 0.07%, 9, 4, 4, 451.50
1585678166, 265, 18, 24, 0, 0, 0.07%, 9, 4, 4, 451.30
1585678171, 266, 4, 24, 0, 0, 0.07%, 9, 4, 4, 450.01
1585678176, 266, 18, 24, 0, 0, 0.07%, 9, 4, 4, 443.36
1585678181, 267, 5, 24, 0, 0, 0.07%, 9, 4, 4, 454.12
1585678186, 268, 3, 24, 0, 0, 0.07%, 9, 4, 4, 443.00
1585678191, 268, 18, 24, 0, 0, 0.07%, 9, 4, 4, 435.75
1585678196, 268, 19, 24, 0, 0, 0.07%, 9, 4, 4, 430.95
1585678201, 269, 5, 24, 0, 0, 0.07%, 9, 4, 4, 436.14
1585678207, 269, 22, 24, 0, 0, 0.07%, 9, 4, 4, 439.03
1585678212, 270, 4, 24, 0, 0, 0.07%, 9, 4, 4, 430.21
1585678217, 270, 17, 24, 0, 0, 0.07%, 9, 4, 4, 434.97
1585678222, 270, 23, 24, 0, 0, 0.07%, 9, 4, 4, 478.59
1585678227, 271, 5, 24, 0, 0, 0.07%, 9, 4, 4, 469.40
1585678232, 271, 18, 24, 0, 0, 0.07%, 9, 4, 4, 445.68
1585678237, 272, 5, 24, 0, 0, 0.07%, 9, 4, 4, 434.02
1585678242, 273, 2, 24, 0, 0, 0.07%, 9, 4, 4, 450.18
1585678247, 273, 5, 24, 0, 0, 0.07%, 9, 4, 4, 439.27
1585678252, 274, 3, 24, 0, 0, 0.07%, 9, 4, 4, 461.08
1585678258, 274, 18, 24, 0, 0, 0.07%, 9, 4, 4, 465.28
1585678263, 275, 2, 24, 0, 0, 0.07%, 9, 4, 4, 463.79
1585678268, 275, 5, 24, 0, 0, 0.07%, 9, 4, 4, 468.24
1585678273, 276, 3, 24, 0, 0, 0.07%, 9, 4, 4, 459.81
1585678278, 276, 11, 24, 0, 0, 0.07%, 9, 4, 4, 447.56
1585678283, 277, 3, 24, 0, 0, 0.07%, 9, 4, 4, 453.01
1585678288, 277, 12, 24, 0, 0, 0.07%, 9, 4, 4, 425.26
1585678293, 278, 3, 24, 0, 0, 0.07%, 9, 4, 4, 436.41
1585678298, 278, 13, 24, 0, 0, 0.07%, 9, 4, 4, 439.70
1585678303, 279, 2, 24, 0, 0, 0.07%, 9, 4, 4, 447.52
1585678308, 279, 18, 24, 0, 0, 0.07%, 9, 4, 4, 429.48
1585678313, 279, 19, 24, 0, 0, 0.07%, 9, 4, 4, 440.00
1585678318, 280, 4, 24, 0, 0, 0.07%, 9, 4, 4, 441.67
1585678323, 280, 12, 24, 0, 0, 0.07%, 9, 4, 4, 425.00
1585678329, 281, 3, 24, 0, 0, 0.07%, 9, 4, 4, 445.37
1585678334, 281, 11, 24, 0, 0, 0.07%, 9, 4, 4, 446.57
1585678339, 281, 19, 24, 0, 0, 0.07%, 9, 4, 4, 445.49
1585678344, 282, 2, 24, 0, 0, 0.07%, 9, 4, 4, 367.55
1585678349, 282, 4, 24, 0, 0, 0.07%, 9, 4, 4, 353.04
1585678354, 283, 2, 24, 0, 0, 0.07%, 9, 4, 4, 378.39
1585678359, 283, 5, 24, 0, 0, 0.07%, 9, 4, 4, 404.76
1585678364, 283, 19, 24, 0, 0, 0.07%, 9, 4, 4, 407.04
1585678369, 284, 3, 24, 0, 0, 0.07%, 9, 4, 4, 414.30
1585678374, 284, 16, 24, 0, 0, 0.07%, 9, 4, 4, 415.09
1585678379, 284, 18, 24, 0, 0, 0.07%, 9, 4, 4, 437.35
1585678384, 285, 4, 24, 0, 0, 0.07%, 9, 4, 4, 426.63
1585678389, 285, 18, 24, 0, 0, 0.07%, 9, 4, 4, 434.28
1585678394, 286, 3, 24, 0, 0, 0.07%, 9, 4, 4, 421.54
1585678399, 286, 7, 24, 0, 0, 0.07%, 9, 4, 4, 412.69
1585678404, 286, 18, 24, 0, 0, 0.07%, 9, 4, 4, 418.42
1585678410, 287, 4, 24, 0, 0, 0.07%, 9, 4, 4, 446.91
1585678415, 287, 18, 24, 0, 0, 0.07%, 9, 4, 4, 416.84
1585678420, 288, 4, 24, 0, 0, 0.07%, 9, 4, 4, 399.13
1585678425, 289, 2, 24, 0, 0, 0.07%, 9, 4, 4, 412.25
1585678430, 289, 5, 24, 0, 0, 0.07%, 9, 4, 4, 391.59
1585678435, 290, 2, 24, 0, 0, 0.07%, 9, 4, 4, 410.92
1585678440, 290, 5, 24, 0, 0, 0.07%, 9, 4, 4, 420.81
1585678445, 291, 2, 24, 0, 0, 0.07%, 9, 4, 4, 420.82
1585678450, 291, 5, 24, 0, 0, 0.07%, 9, 4, 4, 404.78
1585678455, 292, 3, 24, 0, 0, 0.07%, 9, 4, 4, 444.24
1585678460, 292, 12, 24, 0, 0, 0.07%, 9, 4, 4, 445.73
1585678465, 292, 21, 24, 0, 0, 0.07%, 9, 4, 4, 440.77
1585678470, 293, 5, 24, 0, 0, 0.07%, 9, 4, 4, 453.14
1585678475, 294, 0, 24, 0, 0, 0.07%, 9, 4, 4, 429.07
1585678481, 294, 5, 24, 0, 0, 0.07%, 9, 4, 4, 443.11
1585678486, 294, 18, 24, 0, 0, 0.07%, 9, 4, 4, 468.78
1585678491, 295, 5, 24, 0, 0, 0.07%, 9, 4, 4, 465.08
1585678496, 296, 2, 24, 0, 0, 0.07%, 9, 4, 4, 476.61
1585678501, 296, 5, 24, 0, 0, 0.07%, 9, 4, 4, 399.94
1585678506, 297, 2, 24, 0, 0, 0.07%, 9, 4, 4, 394.49
1585678512, 297, 5, 24, 0, 0, 0.07%, 9, 4, 4, 413.20
1585678517, 297, 20, 24, 0, 0, 0.07%, 9, 4, 4, 414.05
1585678522, 298, 4, 24, 0, 0, 0.07%, 9, 4, 4, 428.03
1585678527, 298, 18, 24, 0, 0, 0.07%, 9, 4, 4, 444.67
1585678532, 299, 3, 24, 0, 0, 0.07%, 9, 4, 4, 422.05
1585678537, 299, 18, 24, 0, 0, 0.07%, 9, 4, 4, 432.93
1585678542, 300, 3, 24, 0, 0, 0.07%, 9, 4, 4, 448.05
1585678547, 300, 10, 24, 0, 0, 0.07%, 9, 4, 4, 433.13
1585678552, 301, 3, 24, 0, 0, 0.07%, 9, 4, 4, 445.04
1585678558, 301, 17, 24, 0, 0, 0.07%, 9, 4, 4, 429.64
1585678563, 301, 20, 24, 0, 0, 0.07%, 9, 4, 4, 432.98
1585678568, 302, 4, 24, 0, 0, 0.07%, 9, 4, 4, 416.67
1585678573, 303, 1, 24, 0, 0, 0.07%, 9, 4, 4, 436.64
1585678578, 303, 4, 24, 0, 0, 0.07%, 9, 4, 4, 419.89
1585678583, 303, 15, 24, 0, 0, 0.07%, 9, 4, 4, 430.78
1585678588, 303, 19, 24, 0, 0, 0.07%, 9, 4, 4, 422.31
1585678593, 304, 3, 24, 0, 0, 0.07%, 9, 4, 4, 426.50
1585678598, 304, 8, 24, 0, 0, 0.07%, 9, 4, 4, 420.44
1585678603, 305, 3, 24, 0, 0, 0.07%, 9, 4, 4, 428.11
1585678608, 305, 10, 24, 0, 0, 0.07%, 9, 4, 4, 436.65
1585678614, 305, 18, 24, 0, 0, 0.07%, 9, 4, 4, 428.13
1585678619, 305, 21, 24, 0, 0, 0.07%, 9, 4, 4, 435.31
1585678624, 306, 4, 24, 0, 0, 0.07%, 9, 4, 4, 431.49
1585678629, 306, 18, 24, 0, 0, 0.07%, 9, 4, 4, 432.34
1585678634, 307, 4, 24, 0, 0, 0.07%, 9, 4, 4, 437.09
1585678639, 307, 18, 24, 0, 0, 0.07%, 9, 4, 4, 439.75
1585678644, 308, 2, 24, 0, 0, 0.07%, 9, 4, 4, 428.48
1585678649, 308, 5, 24, 0, 0, 0.07%, 9, 4, 4, 387.82
1585678654, 308, 18, 24, 0, 0, 0.07%, 9, 4, 4, 412.83
1585678659, 309, 4, 24, 0, 0, 0.07%, 9, 4, 4, 395.00
1585678664, 309, 18, 24, 0, 0, 0.07%, 9, 4, 4, 402.16
1585678670, 310, 5, 24, 0, 0, 0.07%, 9, 4, 4, 437.09
1585678675, 310, 19, 24, 0, 0, 0.07%, 9, 4, 4, 447.79
1585678680, 311, 3, 24, 0, 0, 0.07%, 9, 4, 4, 364.96
1585678685, 311, 18, 24, 0, 0, 0.07%, 9, 4, 4, 321.16
1585678690, 312, 2, 24, 0, 0, 0.07%, 9, 4, 4, 352.10
1585678695, 312, 5, 24, 0, 0, 0.07%, 9, 4, 4, 341.09
1585678700, 313, 2, 24, 0, 0, 0.07%, 9, 4, 4, 353.22
1585678705, 313, 4, 24, 0, 0, 0.07%, 9, 4, 4, 360.16
1585678710, 313, 18, 24, 0, 0, 0.07%, 9, 4, 4, 370.20
1585678715, 314, 4, 24, 0, 0, 0.07%, 9, 4, 4, 348.59
1585678720, 314, 13, 24, 0, 0, 0.07%, 9, 4, 4, 350.21
1585678725, 315, 2, 24, 0, 0, 0.07%, 9, 4, 4, 341.90
1585678730, 315, 5, 24, 0, 0, 0.07%, 9, 4, 4, 336.07
1585678735, 315, 18, 24, 0, 0, 0.07%, 9, 4, 4, 335.60
1585678740, 316, 3, 24, 0, 0, 0.07%, 9, 4, 4, 354.44
1585678745, 316, 18, 24, 0, 0, 0.07%, 9, 4, 4, 340.38
1585678750, 317, 3, 24, 0, 0, 0.07%, 9, 4, 4, 337.87
1585678755, 317, 5, 24, 0, 0, 0.07%, 9, 4, 4, 350.11
1585678761, 317, 18, 24, 0, 0, 0.07%, 9, 4, 4, 347.95
1585678766, 318, 4, 24, 0, 0, 0.07%, 9, 4, 4, 375.98
1585678771, 318, 6, 24, 0, 0, 0.07%, 9, 4, 4, 384.35
1585678776, 319, 2, 24, 0, 0, 0.07%, 9, 4, 4, 353.01
1585678781, 319, 5, 24, 0, 0, 0.07%, 9, 4, 4, 372.32
1585678786, 319, 18, 24, 0, 0, 0.07%, 9, 4, 4, 351.45
1585678791, 320, 3, 24, 0, 0, 0.07%, 9, 4, 4, 333.72
1585678796, 320, 5, 24, 0, 0, 0.07%, 9, 4, 4, 341.32
1585678801, 321, 2, 24, 0, 0, 0.07%, 9, 4, 4, 321.87
1585678807, 321, 5, 24, 0, 0, 0.07%, 9, 4, 4, 337.31
1585678812, 321, 18, 24, 0, 0, 0.07%, 9, 4, 4, 345.72
1585678817, 322, 3, 24, 0, 0, 0.07%, 9, 4, 4, 333.93
1585678822, 322, 5, 24, 0, 0, 0.07%, 9, 4, 4, 336.34
1585678827, 322, 18, 24, 0, 0, 0.07%, 9, 4, 4, 330.02
1585678832, 323, 3, 24, 0, 0, 0.07%, 9, 4, 4, 325.28
1585678837, 323, 17, 24, 0, 0, 0.07%, 9, 4, 4, 327.70
1585678842, 323, 18, 24, 0, 0, 0.07%, 9, 4, 4, 288.12
1585678847, 324, 3, 24, 0, 0, 0.07%, 9, 4, 4, 291.77
1585678852, 324, 18, 24, 0, 0, 0.07%, 9, 4, 4, 302.36
1585678858, 325, 3, 24, 0, 0, 0.07%, 9, 4, 4, 385.09
1585678863, 325, 10, 24, 0, 0, 0.07%, 9, 4, 4, 388.28
1585678868, 326, 2, 24, 0, 0, 0.07%, 9, 4, 4, 408.49
1585678873, 326, 5, 24, 0, 0, 0.07%, 9, 4, 4, 405.32
1585678878, 326, 18, 24, 0, 0, 0.07%, 9, 4, 4, 404.45
1585678883, 327, 3, 24, 0, 0, 0.07%, 9, 4, 4, 387.85
1585678888, 327, 18, 24, 0, 0, 0.07%, 9, 4, 4, 396.44
1585678893, 328, 2, 24, 0, 0, 0.07%, 9, 4, 4, 403.31
1585678898, 328, 5, 24, 0, 0, 0.07%, 9, 4, 4, 388.80
1585678903, 329, 2, 24, 0, 0, 0.07%, 9, 4, 4, 392.05
1585678908, 329, 5, 24, 0, 0, 0.07%, 9, 4, 4, 399.68
1585678913, 330, 3, 24, 0, 0, 0.07%, 9, 4, 4, 410.45
1585678918, 330, 18, 24, 0, 0, 0.07%, 9, 4, 4, 410.20
1585678924, 330, 19, 24, 0, 0, 0.07%, 9, 4, 4, 394.87
1585678929, 331, 2, 24, 0, 0, 0.07%, 9, 4, 4, 403.83
1585678934, 331, 18, 24, 0, 0, 0.07%, 9, 4, 4, 415.69
1585678939, 332, 2, 24, 0, 0, 0.07%, 9, 4, 4, 416.32
1585678944, 332, 5, 24, 0, 0, 0.07%, 9, 4, 4, 412.17
1585678949, 333, 3, 24, 0, 0, 0.07%, 9, 4, 4, 440.62
1585678954, 333, 18, 24, 0, 0, 0.07%, 9, 4, 4, 407.20
1585678959, 334, 3, 24, 0, 0, 0.07%, 9, 4, 4, 366.86
1585678964, 334, 18, 24, 0, 0, 0.07%, 9, 4, 4, 375.97
1585678969, 335, 3, 24, 0, 0, 0.07%, 9, 4, 4, 394.17
1585678975, 335, 18, 24, 0, 0, 0.07%, 9, 4, 4, 346.99
1585678980, 336, 2, 24, 0, 0, 0.07%, 9, 4, 4, 372.85
1585678985, 336, 5, 24, 0, 0, 0.07%, 9, 4, 4, 392.56
1585678990, 336, 22, 24, 0, 0, 0.07%, 9, 4, 4, 398.69
1585678995, 337, 2, 24, 0, 0, 0.07%, 9, 4, 4, 274.34
1585679000, 337, 5, 24, 0, 0, 0.07%, 9, 4, 4, 339.63
1585679005, 338, 2, 24, 0, 0, 0.07%, 9, 4, 4, 362.88
1585679010, 338, 4, 24, 0, 0, 0.07%, 9, 4, 4, 378.40
1585679015, 338, 18, 24, 0, 0, 0.07%, 9, 4, 4, 356.08
1585679020, 339, 3, 24, 0, 0, 0.07%, 9, 4, 4, 368.44
1585679025, 339, 18, 24, 0, 0, 0.07%, 9, 4, 4, 391.21
1585679030, 339, 20, 24, 0, 0, 0.07%, 9, 4, 4, 398.57
1585679035, 340, 5, 24, 0, 0, 0.07%, 9, 4, 4, 378.13
1585679040, 340, 11, 24, 0, 0, 0.07%, 9, 4, 4, 406.13
1585679046, 341, 2, 24, 0, 0, 0.07%, 9, 4, 4, 394.24
1585679051, 341, 5, 24, 0, 0, 0.07%, 10, 4, 4, 403.02
1585679056, 342, 3, 24, 0, 0, 0.07%, 10, 4, 4, 387.27
1585679061, 342, 18, 24, 0, 0, 0.07%, 10, 4, 4, 391.19
1585679066, 343, 3, 24, 0, 0, 0.07%, 10, 4, 4, 403.92
1585679071, 343, 13, 24, 0, 0, 0.07%, 10, 4, 4, 397.31
1585679076, 343, 18, 24, 0, 0, 0.07%, 10, 4, 4, 393.99
1585679081, 344, 3, 24, 0, 0, 0.07%, 10, 4, 4, 373.55
1585679086, 344, 5, 24, 0, 0, 0.07%, 10, 4, 4, 368.22
1585679091, 344, 18, 24, 0, 0, 0.07%, 10, 4, 4, 378.84
1585679096, 345, 3, 24, 0, 0, 0.07%, 10, 4, 4, 389.80
1585679101, 345, 10, 24, 0, 0, 0.07%, 10, 4, 4, 409.19
1585679106, 346, 3, 24, 0, 0, 0.07%, 10, 4, 4, 430.60
1585679111, 346, 11, 24, 0, 0, 0.07%, 10, 4, 4, 445.45
1585679117, 347, 2, 24, 0, 0, 0.07%, 10, 4, 4, 455.67
1585679122, 347, 18, 24, 0, 0, 0.07%, 10, 4, 4, 464.56
1585679127, 348, 3, 24, 0, 0, 0.07%, 10, 4, 4, 454.64
1585679132, 348, 18, 24, 0, 0, 0.07%, 10, 4, 4, 459.89
1585679137, 349, 5, 24, 0, 0, 0.07%, 10, 4, 4, 452.11
1585679142, 350, 2, 24, 0, 0, 0.07%, 10, 4, 4, 444.24
1585679147, 350, 5, 24, 0, 0, 0.07%, 10, 4, 4, 450.98
1585679152, 351, 2, 24, 0, 0, 0.07%, 10, 4, 4, 452.37
1585679157, 351, 5, 24, 0, 0, 0.07%, 10, 4, 4, 434.28
1585679163, 352, 2, 24, 0, 0, 0.07%, 10, 4, 4, 462.70
1585679168, 352, 18, 24, 0, 0, 0.07%, 10, 4, 4, 453.81
1585679173, 353, 3, 24, 0, 0, 0.07%, 10, 4, 4, 454.03
1585679178, 353, 18, 24, 0, 0, 0.07%, 10, 4, 4, 456.47
1585679183, 354, 4, 24, 0, 0, 0.07%, 10, 4, 4, 456.14
1585679188, 354, 18, 24, 0, 0, 0.07%, 10, 4, 4, 438.54
1585679193, 355, 3, 24, 0, 0, 0.07%, 10, 4, 4, 390.04
1585679198, 355, 18, 24, 0, 0, 0.07%, 10, 4, 4, 399.27
1585679203, 356, 3, 24, 0, 0, 0.07%, 10, 4, 4, 381.45
1585679208, 356, 16, 24, 0, 0, 0.07%, 10, 4, 4, 402.68
1585679214, 357, 2, 24, 0, 0, 0.07%, 10, 4, 4, 421.41
1585679219, 357, 5, 24, 0, 0, 0.07%, 10, 4, 4, 421.48
1585679224, 358, 2, 24, 0, 0, 0.07%, 10, 4, 4, 438.18
1585679229, 358, 18, 24, 0, 0, 0.07%, 10, 4, 4, 444.61
1585679234, 359, 3, 24, 0, 0, 0.07%, 10, 4, 4, 416.68
1585679239, 359, 18, 24, 0, 0, 0.07%, 10, 4, 4, 414.62
1585679244, 360, 3, 24, 0, 0, 0.07%, 10, 4, 4, 371.63
1585679249, 360, 18, 24, 0, 0, 0.07%, 10, 4, 4, 372.47
1585679254, 361, 3, 24, 0, 0, 0.07%, 10, 4, 4, 398.18
1585679259, 361, 18, 24, 0, 0, 0.07%, 10, 4, 4, 350.86
1585679264, 362, 2, 24, 0, 0, 0.07%, 10, 4, 4, 335.49
1585679269, 362, 18, 24, 0, 0, 0.07%, 10, 4, 4, 408.08
1585679274, 363, 2, 24, 0, 0, 0.07%, 10, 4, 4, 426.33
1585679279, 363, 5, 24, 0, 0, 0.07%, 10, 4, 4, 422.07
1585679284, 363, 18, 24, 0, 0, 0.07%, 10, 4, 4, 392.80
1585679290, 364, 5, 24, 0, 0, 0.07%, 10, 4, 4, 431.05
1585679295, 364, 18, 24, 0, 0, 0.07%, 10, 4, 4, 450.09
1585679300, 365, 5, 24, 0, 0, 0.07%, 10, 4, 4, 455.20
1585679305, 366, 2, 24, 0, 0, 0.07%, 10, 4, 4, 461.17
1585679310, 366, 18, 24, 0, 0, 0.07%, 10, 4, 4, 447.83
1585679315, 367, 2, 24, 0, 0, 0.07%, 10, 4, 4, 441.28
1585679320, 367, 5, 24, 0, 0, 0.07%, 10, 4, 4, 436.08
1585679325, 368, 2, 24, 0, 0, 0.07%, 10, 4, 4, 438.87
1585679330, 368, 18, 24, 0, 0, 0.07%, 10, 4, 4, 434.65
1585679335, 369, 3, 24, 0, 0, 0.07%, 10, 4, 4, 404.64
1585679340, 369, 17, 24, 0, 0, 0.07%, 10, 4, 4, 420.94
1585679345, 370, 2, 24, 0, 0, 0.07%, 10, 4, 4, 414.09
1585679350, 370, 8, 24, 0, 0, 0.07%, 10, 4, 4, 420.71
1585679355, 371, 2, 24, 0, 0, 0.07%, 10, 4, 4, 425.40
1585679361, 371, 5, 24, 0, 0, 0.07%, 10, 4, 4, 439.34
1585679366, 372, 2, 24, 0, 0, 0.07%, 10, 4, 4, 436.46
1585679371, 372, 5, 24, 0, 0, 0.07%, 10, 4, 4, 460.51
1585679376, 373, 3, 24, 0, 0, 0.07%, 10, 4, 4, 452.85
1585679381, 373, 17, 24, 0, 0, 0.07%, 10, 4, 4, 429.76
1585679386, 374, 3, 24, 0, 0, 0.07%, 10, 4, 4, 434.92
1585679392, 374, 18, 24, 0, 0, 0.07%, 10, 4, 4, 430.38
1585679397, 375, 3, 24, 0, 0, 0.07%, 10, 4, 4, 393.70
1585679402, 375, 18, 24, 0, 0, 0.07%, 10, 4, 4, 395.94
1585679407, 376, 4, 24, 0, 0, 0.07%, 10, 4, 4, 415.46
1585679412, 376, 18, 24, 0, 0, 0.07%, 10, 4, 4, 407.56
1585679417, 377, 4, 24, 0, 0, 0.07%, 10, 4, 4, 433.21
1585679422, 378, 2, 24, 0, 0, 0.07%, 10, 4, 4, 433.80
1585679427, 378, 5, 24, 0, 0, 0.07%, 10, 4, 4, 429.37
1585679432, 379, 2, 24, 0, 0, 0.07%, 10, 4, 4, 426.53
1585679438, 379, 5, 24, 0, 0, 0.07%, 10, 4, 4, 414.45
1585679443, 380, 2, 24, 0, 0, 0.07%, 10, 4, 4, 417.46
1585679448, 380, 5, 24, 0, 0, 0.07%, 10, 4, 4, 438.35
1585679453, 381, 3, 24, 0, 0, 0.07%, 10, 4, 4, 432.82
1585679458, 381, 8, 24, 0, 0, 0.07%, 10, 4, 4, 395.27
1585679463, 382, 2, 24, 0, 0, 0.07%, 10, 4, 4, 375.95
1585679468, 382, 4, 24, 0, 0, 0.07%, 10, 4, 4, 355.78
1585679474, 382, 18, 24, 0, 0, 0.07%, 10, 4, 4, 350.92
1585679479, 383, 3, 24, 0, 0, 0.07%, 10, 4, 4, 342.95
1585679484, 383, 7, 24, 0, 0, 0.07%, 10, 4, 4, 351.37
1585679489, 383, 18, 24, 0, 0, 0.07%, 10, 4, 4, 368.36
1585679494, 384, 3, 24, 0, 0, 0.07%, 10, 4, 4, 373.25
1585679499, 384, 18, 24, 0, 0, 0.07%, 10, 4, 4, 373.89
1585679504, 385, 3, 24, 0, 0, 0.07%, 10, 4, 4, 401.50
1585679510, 385, 18, 24, 0, 0, 0.07%, 10, 4, 4, 391.05
1585679515, 386, 3, 24, 0, 0, 0.07%, 10, 4, 4, 393.43
1585679520, 386, 5, 24, 0, 0, 0.07%, 10, 4, 4, 350.51
1585679525, 386, 18, 24, 0, 0, 0.07%, 10, 4, 4, 382.97
1585679530, 387, 5, 24, 0, 0, 0.07%, 10, 4, 4, 403.39
1585679535, 387, 18, 24, 0, 0, 0.07%, 10, 4, 4, 419.09
1585679540, 388, 2, 24, 0, 0, 0.07%, 10, 4, 4, 401.12
1585679545, 388, 5, 24, 0, 0, 0.07%, 10, 4, 4, 429.42
1585679550, 389, 3, 24, 0, 0, 0.07%, 10, 4, 4, 439.18
1585679555, 389, 18, 24, 0, 0, 0.07%, 10, 4, 4, 418.44
1585679560, 390, 4, 24, 0, 0, 0.07%, 10, 4, 4, 438.02
1585679565, 390, 14, 24, 0, 0, 0.07%, 10, 4, 4, 434.83
1585679570, 390, 18, 24, 0, 0, 0.07%, 10, 4, 4, 419.87
1585679575, 391, 3, 24, 0, 0, 0.07%, 10, 4, 4, 427.61
1585679581, 391, 18, 24, 0, 0, 0.07%, 10, 4, 4, 432.98
1585679586, 392, 4, 24, 0, 0, 0.07%, 10, 4, 4, 450.22
1585679591, 392, 18, 24, 0, 0, 0.07%, 10, 4, 4, 454.14
1585679596, 393, 5, 24, 0, 0, 0.07%, 10, 4, 4, 446.73
1585679601, 393, 18, 24, 0, 0, 0.07%, 10, 4, 4, 438.41
1585679606, 394, 4, 24, 0, 0, 0.07%, 10, 4, 4, 414.48
1585679611, 395, 2, 24, 0, 0, 0.07%, 10, 4, 4, 398.80
1585679616, 395, 5, 24, 0, 0, 0.07%, 10, 4, 4, 403.55
1585679621, 395, 18, 24, 0, 0, 0.07%, 10, 4, 4, 420.52
1585679626, 396, 4, 24, 0, 0, 0.07%, 10, 4, 4, 433.00
1585679631, 396, 18, 24, 0, 0, 0.07%, 10, 4, 4, 444.59
1585679637, 397, 4, 24, 0, 0, 0.07%, 10, 4, 4, 445.77
1585679642, 397, 18, 24, 0, 0, 0.07%, 10, 4, 4, 421.66
1585679647, 398, 4, 24, 0, 0, 0.07%, 10, 4, 4, 412.59
1585679652, 398, 18, 24, 0, 0, 0.07%, 10, 4, 4, 429.18
1585679657, 399, 4, 24, 0, 0, 0.07%, 10, 4, 4, 407.13
1585679662, 399, 14, 24, 0, 0, 0.07%, 10, 4, 4, 397.13
1585679667, 399, 18, 24, 0, 0, 0.07%, 10, 4, 4, 400.17
1585679672, 400, 5, 24, 0, 0, 0.07%, 10, 4, 4, 412.00
1585679677, 400, 18, 24, 0, 0, 0.07%, 10, 4, 4, 420.76
1585679682, 401, 4, 24, 0, 0, 0.07%, 10, 4, 4, 422.10
1585679687, 402, 2, 24, 0, 0, 0.07%, 11, 4, 4, 444.05
1585679692, 402, 5, 24, 0, 0, 0.07%, 11, 4, 4, 424.34
1585679697, 403, 2, 24, 0, 0, 0.07%, 11, 4, 4, 434.47
1585679702, 403, 5, 24, 0, 0, 0.07%, 11, 4, 4, 425.27
1585679707, 404, 2, 24, 0, 0, 0.07%, 11, 4, 4, 411.46
1585679712, 404, 6, 24, 0, 0, 0.07%, 11, 4, 4, 417.05
1585679718, 405, 2, 24, 0, 0, 0.07%, 11, 4, 4, 439.10
1585679723, 405, 5, 24, 0, 0, 0.07%, 11, 4, 4, 429.92
1585679728, 405, 18, 24, 0, 0, 0.07%, 11, 4, 4, 442.25
1585679733, 406, 5, 24, 0, 0, 0.07%, 11, 4, 4, 451.86
1585679738, 407, 2, 24, 0, 0, 0.07%, 11, 4, 4, 421.68
1585679743, 407, 5, 24, 0, 0, 0.07%, 11, 4, 4, 388.41
1585679748, 408, 2, 24, 0, 0, 0.07%, 11, 4, 4, 327.31
1585679753, 408, 4, 24, 0, 0, 0.07%, 11, 4, 4, 324.77
1585679759, 408, 18, 24, 0, 0, 0.07%, 11, 4, 4, 315.90
1585679764, 409, 4, 24, 0, 0, 0.07%, 11, 4, 4, 357.72
1585679769, 409, 18, 24, 0, 0, 0.07%, 11, 4, 4, 411.79
1585679774, 410, 2, 24, 0, 0, 0.07%, 11, 4, 4, 413.68
1585679779, 410, 5, 24, 0, 0, 0.07%, 11, 4, 4, 435.73
1585679784, 410, 18, 24, 0, 0, 0.07%, 11, 4, 4, 382.82
1585679789, 411, 4, 24, 0, 0, 0.07%, 11, 4, 4, 392.10
1585679794, 411, 11, 24, 0, 0, 0.07%, 11, 4, 4, 331.13
1585679799, 411, 18, 24, 0, 0, 0.07%, 11, 4, 4, 337.51
1585679804, 412, 4, 24, 0, 0, 0.07%, 11, 4, 4, 339.31
1585679809, 412, 18, 24, 0, 0, 0.07%, 11, 4, 4, 406.10
1585679814, 413, 4, 24, 0, 0, 0.07%, 11, 4, 4, 403.07
1585679819, 413, 10, 24, 0, 0, 0.07%, 11, 4, 4, 406.58
1585679824, 413, 18, 24, 0, 0, 0.07%, 11, 4, 4, 416.67
1585679830, 414, 3, 24, 0, 0, 0.07%, 11, 4, 4, 406.83
1585679835, 414, 18, 24, 0, 0, 0.07%, 11, 4, 4, 421.73
1585679840, 415, 3, 24, 0, 0, 0.07%, 11, 4, 4, 368.86
1585679845, 415, 5, 24, 0, 0, 0.07%, 11, 4, 4, 346.08
1585679850, 416, 2, 24, 0, 0, 0.07%, 11, 4, 4, 411.17
1585679855, 416, 18, 24, 0, 0, 0.07%, 11, 4, 4, 444.22
1585679860, 417, 4, 24, 0, 0, 0.07%, 11, 4, 4, 433.39
1585679865, 417, 18, 24, 0, 0, 0.07%, 11, 4, 4, 429.81
1585679870, 418, 4, 24, 0, 0, 0.07%, 11, 4, 4, 417.54
1585679876, 418, 18, 24, 0, 0, 0.07%, 11, 4, 4, 430.47
1585679881, 419, 3, 24, 0, 0, 0.07%, 11, 4, 4, 433.92
1585679886, 419, 11, 24, 0, 0, 0.07%, 11, 4, 4, 446.03
1585679891, 419, 21, 24, 0, 0, 0.07%, 11, 4, 4, 446.72
1585679896, 420, 5, 24, 0, 0, 0.07%, 11, 4, 4, 455.40
1585679901, 420, 23, 24, 0, 0, 0.07%, 11, 4, 4, 448.03
1585679906, 421, 4, 24, 0, 0, 0.07%, 11, 4, 4, 452.92
1585679911, 421, 18, 24, 0, 0, 0.07%, 11, 4, 4, 450.06
1585679916, 422, 4, 24, 0, 0, 0.07%, 11, 4, 4, 451.15
1585679921, 422, 18, 24, 0, 0, 0.07%, 11, 4, 4, 442.99
1585679927, 423, 4, 24, 0, 0, 0.07%, 11, 4, 4, 440.13
1585679932, 423, 18, 24, 0, 0, 0.07%, 11, 4, 4, 443.98
1585679937, 424, 5, 24, 0, 0, 0.07%, 11, 4, 4, 422.14
1585679942, 424, 18, 24, 0, 0, 0.07%, 11, 4, 4, 416.40
1585679947, 425, 4, 24, 0, 0, 0.07%, 11, 4, 4, 434.76
1585679952, 425, 18, 24, 0, 0, 0.07%, 11, 4, 4, 443.61
1585679957, 426, 3, 24, 0, 0, 0.07%, 11, 4, 4, 446.68
1585679962, 426, 18, 24, 0, 0, 0.07%, 11, 4, 4, 445.74
1585679967, 427, 3, 24, 0, 0, 0.07%, 11, 4, 4, 437.35
1585679972, 427, 16, 24, 0, 0, 0.07%, 11, 4, 4, 427.45
1585679977, 427, 20, 24, 0, 0, 0.07%, 11, 4, 4, 429.91
1585679982, 428, 4, 24, 0, 0, 0.07%, 11, 4, 4, 430.13
1585679988, 428, 18, 24, 0, 0, 0.07%, 11, 4, 4, 429.38
1585679993, 429, 5, 24, 0, 0, 0.07%, 11, 4, 4, 416.27
1585679998, 430, 0, 24, 0, 0, 0.07%, 11, 4, 4, 424.82
1585680003, 430, 5, 24, 0, 0, 0.07%, 11, 4, 4, 431.28
1585680008, 431, 2, 24, 0, 0, 0.07%, 11, 4, 4, 445.94
1585680013, 431, 5, 24, 0, 0, 0.07%, 11, 4, 4, 448.77
1585680018, 431, 18, 24, 0, 0, 0.07%, 11, 4, 4, 434.41
1585680023, 432, 4, 24, 0, 0, 0.07%, 11, 4, 4, 425.52
1585680029, 432, 15, 24, 0, 0, 0.07%, 11, 4, 4, 418.88
1585680034, 433, 3, 24, 0, 0, 0.07%, 11, 4, 4, 422.96
1585680039, 433, 18, 24, 0, 0, 0.07%, 11, 4, 4, 429.34
1585680044, 434, 3, 24, 0, 0, 0.07%, 11, 4, 4, 431.79
1585680049, 434, 18, 24, 0, 0, 0.07%, 11, 4, 4, 418.16
1585680054, 434, 21, 24, 0, 0, 0.07%, 11, 4, 4, 434.84
1585680059, 435, 4, 24, 0, 0, 0.07%, 11, 4, 4, 437.43
1585680064, 435, 18, 24, 0, 0, 0.07%, 11, 4, 4, 430.67
1585680069, 436, 5, 24, 0, 0, 0.07%, 11, 4, 4, 442.54
1585680074, 437, 2, 24, 0, 0, 0.07%, 11, 4, 4, 434.40
1585680079, 437, 5, 24, 0, 0, 0.07%, 11, 4, 4, 413.09
1585680084, 438, 3, 24, 0, 0, 0.07%, 11, 4, 4, 419.46
1585680089, 438, 10, 24, 0, 0, 0.07%, 11, 4, 4, 429.33
1585680094, 438, 21, 24, 0, 0, 0.07%, 11, 4, 4, 425.09
1585680099, 439, 4, 24, 0, 0, 0.07%, 11, 4, 4, 425.31
1585680104, 439, 18, 24, 0, 0, 0.07%, 11, 4, 4, 366.95
1585680109, 439, 20, 24, 0, 0, 0.07%, 11, 4, 4, 416.54
1585680115, 440, 5, 24, 0, 0, 0.07%, 11, 4, 4, 420.52
1585680120, 441, 2, 24, 0, 0, 0.07%, 11, 4, 4, 437.92
1585680125, 441, 5, 24, 0, 0, 0.07%, 11, 4, 4, 438.10
1585680130, 442, 3, 24, 0, 0, 0.07%, 11, 4, 4, 408.70
1585680135, 442, 12, 24, 0, 0, 0.07%, 11, 4, 4, 419.76
1585680140, 442, 18, 24, 0, 0, 0.07%, 11, 4, 4, 415.84
1585680145, 443, 2, 24, 0, 0, 0.07%, 11, 4, 4, 433.86
1585680150, 443, 18, 24, 0, 0, 0.07%, 11, 4, 4, 429.97
1585680155, 444, 3, 24, 0, 0, 0.07%, 11, 4, 4, 426.50
1585680160, 444, 12, 24, 0, 0, 0.07%, 11, 4, 4, 427.97
1585680165, 445, 3, 24, 0, 0, 0.07%, 11, 4, 4, 419.43
1585680170, 445, 18, 24, 0, 0, 0.07%, 11, 4, 4, 415.27
1585680175, 446, 2, 24, 0, 0, 0.07%, 11, 4, 4, 409.47
1585680180, 446, 5, 24, 0, 0, 0.07%, 11, 4, 4, 406.32
1585680185, 446, 18, 24, 0, 0, 0.07%, 11, 4, 4, 395.80
1585680191, 447, 4, 24, 0, 0, 0.07%, 11, 4, 4, 432.82
1585680196, 447, 18, 24, 0, 0, 0.07%, 11, 4, 4, 424.00
1585680201, 448, 3, 24, 0, 0, 0.07%, 11, 4, 4, 420.42
1585680206, 448, 18, 24, 0, 0, 0.07%, 11, 4, 4, 390.09
1585680211, 448, 19, 24, 0, 0, 0.07%, 11, 4, 4, 401.06
1585680216, 449, 3, 24, 0, 0, 0.07%, 11, 4, 4, 411.83
1585680221, 449, 8, 24, 0, 0, 0.07%, 11, 4, 4, 403.46
1585680226, 449, 23, 24, 0, 0, 0.07%, 11, 4, 4, 407.85
1585680231, 450, 4, 24, 0, 0, 0.07%, 11, 4, 4, 426.84
1585680236, 450, 18, 24, 0, 0, 0.07%, 11, 4, 4, 417.66
1585680241, 450, 20, 24, 0, 0, 0.07%, 11, 4, 4, 416.44
1585680246, 451, 3, 24, 0, 0, 0.07%, 11, 4, 4, 426.28
1585680251, 451, 18, 24, 0, 0, 0.07%, 11, 4, 4, 418.23
1585680256, 452, 4, 24, 0, 0, 0.07%, 11, 4, 4, 419.57
1585680261, 452, 15, 24, 0, 0, 0.07%, 11, 4, 4, 420.54
1585680267, 453, 2, 24, 0, 0, 0.07%, 11, 4, 4, 419.40
1585680272, 453, 5, 24, 0, 0, 0.07%, 11, 4, 4, 413.95
1585680277, 453, 18, 24, 0, 0, 0.07%, 11, 4, 4, 416.69
1585680282, 454, 4, 24, 0, 0, 0.07%, 11, 4, 4, 409.11
1585680287, 454, 18, 24, 0, 0, 0.07%, 11, 4, 4, 422.13
1585680292, 455, 2, 24, 0, 0, 0.07%, 11, 4, 4, 423.27
1585680297, 455, 5, 24, 0, 0, 0.07%, 11, 4, 4, 428.17
1585680302, 456, 3, 24, 0, 0, 0.07%, 11, 4, 4, 424.04
1585680307, 456, 6, 24, 0, 0, 0.07%, 11, 4, 4, 438.68
1585680312, 457, 3, 24, 0, 0, 0.07%, 11, 4, 4, 424.68
1585680317, 457, 12, 24, 0, 0, 0.07%, 11, 4, 4, 420.47
1585680322, 458, 2, 24, 0, 0, 0.07%, 11, 4, 4, 397.74
1585680327, 458, 5, 24, 0, 0, 0.07%, 11, 4, 4, 392.46
1585680333, 458, 18, 24, 0, 0, 0.07%, 11, 4, 4, 398.33
1585680338, 459, 2, 24, 0, 0, 0.07%, 11, 4, 4, 404.45
1585680343, 459, 5, 24, 0, 0, 0.07%, 11, 4, 4, 400.83
1585680348, 460, 3, 24, 0, 0, 0.07%, 11, 4, 4, 405.07
1585680353, 460, 11, 24, 0, 0, 0.07%, 11, 4, 4, 420.63
1585680358, 460, 18, 24, 0, 0, 0.07%, 11, 4, 4, 430.00
1585680363, 461, 4, 24, 0, 0, 0.07%, 11, 4, 4, 417.30
1585680368, 461, 18, 24, 0, 0, 0.07%, 11, 4, 4, 428.50
1585680373, 462, 3, 24, 0, 0, 0.07%, 11, 4, 4, 421.33
1585680378, 462, 14, 24, 0, 0, 0.07%, 11, 4, 4, 430.92
1585680383, 463, 3, 24, 0, 0, 0.07%, 11, 4, 4, 417.75
1585680388, 463, 8, 24, 0, 0, 0.07%, 11, 4, 4, 428.24
1585680393, 463, 18, 24, 0, 0, 0.07%, 11, 4, 4, 415.01
1585680398, 464, 4, 24, 0, 0, 0.07%, 11, 4, 4, 412.27
1585680403, 464, 18, 24, 0, 0, 0.07%, 11, 4, 4, 407.96
1585680409, 465, 5, 24, 0, 0, 0.07%, 11, 4, 4, 409.57
1585680414, 465, 22, 24, 0, 0, 0.07%, 11, 4, 4, 416.01
1585680419, 466, 4, 24, 0, 0, 0.07%, 11, 4, 4, 393.37
1585680424, 466, 9, 24, 0, 0, 0.07%, 11, 4, 4, 388.14
1585680429, 466, 18, 24, 0, 0, 0.07%, 11, 4, 4, 393.12
1585680434, 467, 4, 24, 0, 0, 0.07%, 11, 4, 4, 362.32
1585680439, 467, 18, 24, 0, 0, 0.07%, 11, 4, 4, 425.02
1585680444, 468, 4, 24, 0, 0, 0.07%, 11, 4, 4, 433.30
1585680449, 468, 15, 24, 0, 0, 0.07%, 11, 4, 4, 436.68
1585680454, 469, 3, 24, 0, 0, 0.07%, 11, 4, 4, 433.49
1585680460, 469, 18, 24, 0, 0, 0.07%, 11, 4, 4, 448.04
1585680465, 470, 3, 24, 0, 0, 0.07%, 11, 4, 4, 443.94
1585680470, 470, 18, 24, 0, 0, 0.07%, 11, 4, 4, 412.13
1585680475, 471, 3, 24, 0, 0, 0.07%, 11, 4, 4, 364.16
1585680480, 471, 11, 24, 0, 0, 0.07%, 11, 4, 4, 384.59
1585680485, 472, 2, 24, 0, 0, 0.07%, 11, 4, 4, 420.00
1585680490, 472, 18, 24, 0, 0, 0.07%, 11, 4, 4, 442.32
1585680495, 473, 4, 24, 0, 0, 0.07%, 11, 4, 4, 454.25
1585680500, 473, 16, 24, 0, 0, 0.07%, 11, 4, 4, 455.50
1585680505, 474, 2, 24, 0, 0, 0.07%, 11, 4, 4, 463.64
1585680511, 474, 5, 24, 0, 0, 0.07%, 11, 4, 4, 470.09
1585680516, 475, 0, 24, 0, 0, 0.07%, 11, 4, 4, 441.86
1585680521, 475, 5, 24, 0, 0, 0.07%, 11, 4, 4, 445.12
1585680526, 475, 18, 24, 0, 0, 0.07%, 11, 4, 4, 433.12
1585680531, 476, 5, 24, 0, 0, 0.07%, 11, 4, 4, 434.65
1585680536, 477, 2, 24, 0, 0, 0.07%, 11, 4, 4, 401.87
1585680541, 477, 5, 24, 0, 0, 0.07%, 11, 4, 4, 405.69
1585680546, 477, 18, 24, 0, 0, 0.07%, 11, 4, 4, 427.12
1585680551, 478, 4, 24, 0, 0, 0.07%, 11, 4, 4, 448.69
1585680557, 478, 18, 24, 0, 0, 0.07%, 11, 4, 4, 447.91
1585680562, 479, 2, 24, 0, 0, 0.07%, 11, 4, 4, 447.77
1585680567, 479, 11, 24, 0, 0, 0.07%, 11, 4, 4, 439.12
1585680572, 479, 18, 24, 0, 0, 0.07%, 11, 4, 4, 379.19
1585680577, 480, 3, 24, 0, 0, 0.07%, 11, 4, 4, 377.29
1585680582, 480, 14, 24, 0, 0, 0.07%, 11, 4, 4, 417.17
1585680587, 481, 2, 24, 0, 0, 0.07%, 11, 4, 4, 421.93
1585680593, 481, 5, 24, 0, 0, 0.07%, 11, 4, 4, 436.40
1585680598, 482, 2, 24, 0, 0, 0.07%, 11, 4, 4, 422.25
1585680603, 482, 18, 24, 0, 0, 0.07%, 11, 4, 4, 432.41
1585680608, 483, 2, 24, 0, 0, 0.07%, 11, 4, 4, 443.48
1585680613, 483, 5, 24, 0, 0, 0.07%, 11, 4, 4, 444.84
1585680618, 483, 18, 24, 0, 0, 0.07%, 11, 4, 4, 422.06
1585680623, 484, 5, 24, 0, 0, 0.07%, 11, 4, 4, 415.65
1585680628, 485, 2, 24, 0, 0, 0.07%, 11, 4, 4, 429.82
1585680633, 485, 5, 24, 0, 0, 0.07%, 11, 4, 4, 433.51
1585680638, 486, 3, 24, 0, 0, 0.07%, 11, 4, 4, 445.53
1585680643, 486, 18, 24, 0, 0, 0.07%, 11, 4, 4, 445.58
1585680648, 486, 22, 24, 0, 0, 0.07%, 11, 4, 4, 452.45
1585680653, 487, 4, 24, 0, 0, 0.07%, 11, 4, 4, 418.28
1585680658, 487, 18, 24, 0, 0, 0.07%, 11, 4, 4, 384.00
1585680663, 488, 4, 24, 0, 0, 0.07%, 11, 4, 4, 420.99
1585680668, 489, 1, 24, 0, 0, 0.07%, 11, 4, 4, 419.53
1585680673, 489, 4, 24, 0, 0, 0.07%, 11, 4, 4, 462.80
1585680678, 489, 18, 24, 0, 0, 0.07%, 11, 4, 4, 474.19
1585680684, 490, 2, 24, 0, 0, 0.07%, 11, 4, 4, 445.25
1585680689, 490, 5, 24, 0, 0, 0.07%, 11, 4, 4, 431.28
1585680694, 491, 2, 24, 0, 0, 0.07%, 11, 4, 4, 449.57
1585680699, 491, 5, 24, 0, 0, 0.07%, 11, 4, 4, 457.57
1585680704, 491, 18, 24, 0, 0, 0.07%, 11, 4, 4, 445.15
1585680709, 492, 5, 24, 0, 0, 0.07%, 11, 4, 4, 433.97
1585680714, 492, 18, 24, 0, 0, 0.07%, 11, 4, 4, 449.51
1585680719, 493, 4, 24, 0, 0, 0.07%, 11, 4, 4, 432.84
1585680724, 493, 18, 24, 0, 0, 0.07%, 11, 4, 4, 441.91
1585680729, 494, 3, 24, 0, 0, 0.07%, 11, 4, 4, 441.95
1585680734, 494, 18, 24, 0, 0, 0.07%, 11, 4, 4, 438.83
1585680739, 495, 4, 24, 0, 0, 0.07%, 11, 4, 4, 443.99
1585680745, 495, 18, 24, 0, 0, 0.07%, 11, 4, 4, 449.25
1585680750, 496, 4, 24, 0, 0, 0.07%, 11, 4, 4, 460.88
1585680755, 496, 18, 24, 0, 0, 0.07%, 11, 4, 4, 463.69
1585680760, 497, 4, 24, 0, 0, 0.07%, 11, 4, 4, 453.83
1585680765, 497, 18, 24, 0, 0, 0.07%, 11, 4, 4, 462.41
1585680770, 498, 4, 24, 0, 0, 0.07%, 11, 4, 4, 437.73
1585680775, 499, 2, 24, 0, 0, 0.07%, 11, 4, 4, 434.37
1585680780, 499, 4, 24, 0, 0, 0.07%, 11, 4, 4, 310.65
1585680785, 499, 18, 24, 0, 0, 0.07%, 11, 4, 4, 361.27
1585680791, 500, 4, 24, 0, 0, 0.07%, 11, 4, 4, 425.84
1585680796, 500, 13, 24, 0, 0, 0.07%, 11, 4, 4, 435.63
1585680801, 501, 2, 24, 0, 0, 0.07%, 11, 4, 4, 441.25
1585680806, 501, 5, 24, 0, 0, 0.07%, 11, 4, 4, 428.21
1585680811, 502, 2, 24, 0, 0, 0.07%, 11, 4, 4, 364.46
1585680816, 502, 5, 24, 0, 0, 0.07%, 11, 4, 4, 329.11
1585680821, 502, 17, 24, 0, 0, 0.07%, 11, 4, 4, 364.53
1585680826, 503, 3, 24, 0, 0, 0.07%, 11, 4, 4, 427.64
1585680831, 503, 18, 24, 0, 0, 0.07%, 11, 4, 4, 441.35
1585680836, 504, 4, 24, 0, 0, 0.07%, 11, 4, 4, 438.82
1585680841, 504, 18, 24, 0, 0, 0.07%, 11, 4, 4, 444.52
1585680847, 505, 4, 24, 0, 0, 0.07%, 11, 4, 4, 439.19
1585680852, 505, 18, 24, 0, 0, 0.07%, 11, 4, 4, 447.23
1585680857, 506, 5, 24, 0, 0, 0.07%, 11, 4, 4, 453.15
1585680862, 507, 2, 24, 0, 0, 0.07%, 11, 4, 4, 442.44
1585680867, 507, 5, 24, 0, 0, 0.07%, 11, 4, 4, 405.03
1585680872, 508, 2, 24, 0, 0, 0.07%, 11, 4, 4, 420.76
1585680877, 508, 5, 24, 0, 0, 0.07%, 11, 4, 4, 432.51
1585680882, 508, 18, 24, 0, 0, 0.07%, 11, 4, 4, 411.34
1585680887, 509, 4, 24, 0, 0, 0.07%, 11, 4, 4, 420.09
1585680892, 509, 11, 24, 0, 0, 0.07%, 11, 4, 4, 419.99
1585680897, 510, 3, 24, 0, 0, 0.07%, 11, 4, 4, 433.54
1585680903, 510, 10, 24, 0, 0, 0.07%, 11, 4, 4, 428.74
1585680908, 511, 1, 24, 0, 0, 0.07%, 11, 4, 4, 424.00
1585680913, 511, 4, 24, 0, 0, 0.07%, 11, 4, 4, 406.81
1585680918, 511, 18, 24, 0, 0, 0.07%, 11, 4, 4, 421.91
1585680923, 512, 3, 24, 0, 0, 0.07%, 11, 4, 4, 429.28
1585680928, 512, 18, 24, 0, 0, 0.07%, 11, 4, 4, 425.49
1585680933, 513, 4, 24, 0, 0, 0.07%, 11, 4, 4, 429.51
1585680938, 513, 18, 24, 0, 0, 0.07%, 11, 4, 4, 383.20
1585680943, 514, 4, 24, 0, 0, 0.07%, 11, 4, 4, 404.28
1585680948, 514, 16, 24, 0, 0, 0.07%, 11, 4, 4, 420.01
1585680953, 515, 2, 24, 0, 0, 0.07%, 11, 4, 4, 432.90
1585680958, 515, 5, 24, 0, 0, 0.07%, 11, 4, 4, 427.42
1585680964, 515, 20, 24, 0, 0, 0.07%, 11, 4, 4, 433.11
1585680969, 516, 4, 24, 0, 0, 0.07%, 11, 4, 4, 435.93
1585680974, 516, 18, 24, 0, 0, 0.07%, 11, 4, 4, 442.63
1585680979, 517, 2, 24, 0, 0, 0.07%, 11, 4, 4, 451.97
1585680984, 517, 5, 24, 0, 0, 0.07%, 11, 4, 4, 422.00
1585680989, 518, 3, 24, 0, 0, 0.07%, 11, 4, 4, 430.35
1585680994, 518, 18, 24, 0, 0, 0.07%, 11, 4, 4, 432.53
1585680999, 519, 4, 24, 0, 0, 0.07%, 11, 4, 4, 428.40
1585681004, 519, 18, 24, 0, 0, 0.07%, 11, 4, 4, 432.50
1585681009, 520, 5, 24, 0, 0, 0.07%, 11, 4, 4, 435.36
1585681014, 521, 2, 24, 0, 0, 0.07%, 11, 4, 4, 445.77
1585681019, 521, 18, 24, 0, 0, 0.07%, 11, 4, 4, 442.63
1585681024, 522, 2, 24, 0, 0, 0.07%, 11, 4, 4, 437.65
1585681029, 522, 5, 24, 0, 0, 0.07%, 11, 4, 4, 442.57
1585681035, 522, 22, 24, 0, 0, 0.07%, 11, 4, 4, 435.46
1585681040, 523, 4, 24, 0, 0, 0.07%, 11, 4, 4, 433.27
1585681045, 524, 0, 24, 0, 0, 0.07%, 11, 4, 4, 452.82
1585681050, 524, 5, 24, 0, 0, 0.07%, 11, 4, 4, 458.35
1585681055, 524, 20, 24, 0, 0, 0.07%, 11, 4, 4, 459.50
1585681060, 525, 3, 24, 0, 0, 0.07%, 11, 4, 4, 469.14
1585681065, 525, 7, 24, 0, 0, 0.07%, 11, 4, 4, 443.78
1585681070, 525, 18, 24, 0, 0, 0.07%, 11, 4, 4, 406.58
1585681076, 526, 4, 24, 0, 0, 0.07%, 11, 4, 4, 406.00
1585681081, 526, 18, 24, 0, 0, 0.07%, 11, 4, 4, 423.17
1585681086, 527, 3, 24, 0, 0, 0.07%, 11, 4, 4, 334.51
1585681091, 527, 16, 24, 0, 0, 0.07%, 11, 4, 4, 422.05
1585681096, 528, 3, 24, 0, 0, 0.07%, 11, 4, 4, 456.99
1585681101, 528, 18, 24, 0, 0, 0.07%, 11, 4, 4, 439.61
1585681106, 529, 2, 24, 0, 0, 0.07%, 11, 4, 4, 439.06
1585681112, 529, 17, 24, 0, 0, 0.07%, 11, 4, 4, 432.70
1585681117, 530, 3, 24, 0, 0, 0.07%, 11, 4, 4, 446.09
1585681122, 530, 9, 24, 0, 0, 0.07%, 11, 4, 4, 428.81
1585681127, 531, 3, 24, 0, 0, 0.07%, 11, 4, 4, 437.88
1585681132, 531, 14, 24, 0, 0, 0.07%, 11, 4, 4, 441.92
1585681137, 532, 3, 24, 0, 0, 0.07%, 11, 4, 4, 433.78
1585681142, 532, 18, 24, 0, 0, 0.07%, 11, 4, 4, 433.53
1585681147, 533, 3, 24, 0, 0, 0.07%, 11, 4, 4, 422.07
1585681153, 533, 18, 24, 0, 0, 0.07%, 11, 4, 4, 434.39
1585681158, 534, 4, 24, 0, 0, 0.07%, 11, 4, 4, 425.46
1585681163, 534, 18, 24, 0, 0, 0.07%, 11, 4, 4, 431.63
1585681168, 535, 5, 24, 0, 0, 0.07%, 11, 4, 4, 421.72
1585681173, 535, 18, 24, 0, 0, 0.07%, 11, 4, 4, 407.88
1585681178, 536, 3, 24, 0, 0, 0.07%, 11, 4, 4, 428.54
1585681183, 536, 18, 24, 0, 0, 0.07%, 11, 4, 4, 423.86
1585681188, 537, 2, 24, 0, 0, 0.07%, 11, 4, 4, 435.47
1585681193, 537, 17, 24, 0, 0, 0.07%, 11, 4, 4, 439.64
1585681199, 538, 2, 24, 0, 0, 0.07%, 11, 4, 4, 429.01
1585681204, 538, 5, 24, 0, 0, 0.07%, 11, 4, 4, 427.48
1585681209, 538, 18, 24, 0, 0, 0.07%, 11, 4, 4, 435.27
1585681214, 539, 3, 24, 0, 0, 0.07%, 11, 4, 4, 422.44
1585681219, 539, 18, 24, 0, 0, 0.07%, 11, 4, 4, 433.97
1585681224, 540, 4, 24, 0, 0, 0.07%, 11, 4, 4, 455.11
1585681229, 540, 18, 24, 0, 0, 0.07%, 11, 4, 4, 458.76
1585681234, 541, 5, 24, 0, 0, 0.07%, 11, 4, 4, 440.41
1585681239, 542, 3, 24, 0, 0, 0.07%, 11, 4, 4, 452.62
1585681245, 542, 18, 24, 0, 0, 0.07%, 11, 4, 4, 457.50
1585681250, 543, 2, 24, 0, 0, 0.07%, 11, 4, 4, 449.33
1585681255, 543, 5, 24, 0, 0, 0.07%, 11, 4, 4, 421.60
1585681260, 543, 18, 24, 0, 0, 0.07%, 11, 4, 4, 439.41
1585681265, 544, 3, 24, 0, 0, 0.07%, 11, 4, 4, 440.61
1585681270, 544, 6, 24, 0, 0, 0.07%, 11, 4, 4, 427.72
1585681275, 544, 20, 24, 0, 0, 0.07%, 11, 4, 4, 449.02
1585681280, 545, 3, 24, 0, 0, 0.07%, 11, 4, 4, 417.26
1585681285, 545, 13, 24, 0, 0, 0.07%, 11, 4, 4, 408.40
1585681290, 545, 18, 24, 0, 0, 0.07%, 11, 4, 4, 424.76
1585681296, 546, 3, 24, 0, 0, 0.07%, 11, 4, 4, 417.72
1585681301, 546, 18, 24, 0, 0, 0.07%, 11, 4, 4, 429.03
1585681306, 547, 3, 24, 0, 0, 0.07%, 11, 4, 4, 307.40
1585681311, 547, 5, 24, 0, 0, 0.07%, 11, 4, 4, 329.26
1585681316, 548, 2, 24, 0, 0, 0.07%, 11, 4, 4, 356.03
1585681321, 548, 4, 24, 0, 0, 0.07%, 11, 4, 4, 347.46
1585681326, 548, 18, 24, 0, 0, 0.07%, 11, 4, 4, 337.72
1585681331, 549, 4, 24, 0, 0, 0.07%, 11, 4, 4, 322.61
1585681337, 549, 18, 24, 0, 0, 0.07%, 11, 4, 4, 340.36
1585681342, 550, 3, 24, 0, 0, 0.07%, 11, 4, 4, 336.38
1585681347, 550, 5, 24, 0, 0, 0.07%, 11, 4, 4, 354.19
1585681352, 550, 18, 24, 0, 0, 0.07%, 11, 4, 4, 339.38
1585681357, 550, 19, 24, 0, 0, 0.07%, 11, 4, 4, 334.06
1585681362, 551, 4, 24, 0, 0, 0.07%, 11, 4, 4, 317.12
1585681367, 551, 6, 24, 0, 0, 0.07%, 11, 4, 4, 332.71
1585681372, 551, 18, 24, 0, 0, 0.07%, 11, 4, 4, 334.39
1585681377, 552, 3, 24, 0, 0, 0.07%, 11, 4, 4, 340.94
1585681382, 552, 14, 24, 0, 0, 0.07%, 11, 4, 4, 341.84
1585681388, 552, 18, 24, 0, 0, 0.07%, 11, 4, 4, 307.25
1585681393, 552, 19, 24, 0, 0, 0.07%, 11, 4, 4, 323.76
1585681398, 553, 4, 24, 0, 0, 0.07%, 11, 4, 4, 324.11
1585681403, 553, 18, 24, 0, 0, 0.07%, 11, 4, 4, 313.86
1585681408, 553, 22, 24, 0, 0, 0.07%, 11, 4, 4, 333.25
1585681413, 554, 4, 24, 0, 0, 0.07%, 11, 4, 4, 340.16
1585681418, 554, 18, 24, 0, 0, 0.07%, 11, 4, 4, 339.29
1585681423, 555, 2, 24, 0, 0, 0.07%, 11, 4, 4, 343.50
1585681429, 555, 5, 24, 0, 0, 0.07%, 11, 4, 4, 350.63
1585681434, 556, 2, 24, 0, 0, 0.07%, 11, 4, 4, 369.13
1585681439, 556, 5, 24, 0, 0, 0.07%, 11, 4, 4, 355.29
1585681444, 556, 21, 24, 0, 0, 0.07%, 11, 4, 4, 327.22
1585681449, 557, 3, 24, 0, 0, 0.07%, 11, 4, 4, 324.48
1585681454, 557, 17, 24, 0, 0, 0.07%, 11, 4, 4, 323.06
1585681459, 557, 18, 24, 0, 0, 0.07%, 11, 4, 4, 335.32
1585681464, 558, 2, 24, 0, 0, 0.07%, 11, 4, 4, 337.04
1585681469, 558, 4, 24, 0, 0, 0.07%, 11, 4, 4, 316.48
1585681474, 558, 18, 24, 0, 0, 0.07%, 11, 4, 4, 304.01
1585681479, 559, 2, 24, 0, 0, 0.07%, 11, 4, 4, 317.86
1585681484, 559, 4, 24, 0, 0, 0.07%, 11, 4, 4, 317.83
1585681489, 559, 18, 24, 0, 0, 0.07%, 11, 4, 4, 322.08
1585681495, 560, 3, 24, 0, 0, 0.07%, 11, 4, 4, 328.32
1585681500, 560, 5, 24, 0, 0, 0.07%, 11, 4, 4, 337.60
1585681505, 560, 8, 24, 0, 0, 0.07%, 11, 4, 4, 316.45
1585681510, 560, 18, 24, 0, 0, 0.07%, 11, 4, 4, 331.95
1585681515, 561, 2, 24, 0, 0, 0.07%, 11, 4, 4, 322.75
1585681520, 561, 5, 24, 0, 0, 0.07%, 11, 4, 4, 333.87
1585681525, 561, 18, 24, 0, 0, 0.07%, 11, 4, 4, 282.72
1585681530, 562, 2, 24, 0, 0, 0.07%, 11, 4, 4, 322.48
1585681535, 562, 5, 24, 0, 0, 0.07%, 11, 4, 4, 364.34
1585681540, 562, 22, 24, 0, 0, 0.07%, 11, 4, 4, 407.72
1585681545, 563, 4, 24, 0, 0, 0.07%, 11, 4, 4, 409.92
1585681550, 563, 13, 24, 0, 0, 0.07%, 11, 4, 4, 425.71
1585681555, 563, 21, 24, 0, 0, 0.07%, 11, 4, 4, 429.28
1585681560, 564, 4, 24, 0, 0, 0.07%, 11, 4, 4, 426.11
1585681566, 564, 23, 24, 0, 0, 0.07%, 11, 4, 4, 417.42
1585681571, 565, 4, 24, 0, 0, 0.07%, 11, 4, 4, 427.80
1585681576, 565, 18, 24, 0, 0, 0.07%, 11, 4, 4, 412.09
1585681581, 566, 3, 24, 0, 0, 0.07%, 11, 4, 4, 415.21
1585681586, 566, 12, 24, 0, 0, 0.07%, 11, 4, 4, 418.10
1585681591, 566, 20, 24, 0, 0, 0.07%, 11, 4, 4, 407.72
1585681596, 567, 4, 24, 0, 0, 0.07%, 11, 4, 4, 431.67
1585681601, 567, 18, 24, 0, 0, 0.07%, 11, 4, 4, 423.30
1585681606, 568, 3, 24, 0, 0, 0.07%, 11, 4, 4, 422.83
1585681612, 568, 18, 24, 0, 0, 0.07%, 11, 4, 4, 420.89
1585681617, 569, 3, 24, 0, 0, 0.07%, 11, 4, 4, 418.15
1585681622, 569, 18, 24, 0, 0, 0.07%, 11, 4, 4, 420.95
1585681627, 570, 4, 24, 0, 0, 0.07%, 11, 4, 4, 433.30
1585681632, 570, 9, 24, 0, 0, 0.07%, 11, 4, 4, 430.91
1585681637, 570, 18, 24, 0, 0, 0.07%, 11, 4, 4, 430.72
1585681642, 571, 5, 24, 0, 0, 0.07%, 11, 4, 4, 420.22
1585681647, 571, 18, 24, 0, 0, 0.07%, 11, 4, 4, 408.99
1585681652, 572, 3, 24, 0, 0, 0.07%, 11, 4, 4, 410.31
1585681657, 572, 8, 24, 0, 0, 0.07%, 11, 4, 4, 414.74
1585681662, 572, 22, 24, 0, 0, 0.07%, 11, 4, 4, 444.00
1585681667, 573, 4, 24, 0, 0, 0.07%, 11, 4, 4, 444.96
1585681672, 573, 18, 24, 0, 0, 0.07%, 11, 4, 4, 443.91
1585681677, 574, 3, 24, 0, 0, 0.07%, 11, 4, 4, 440.08
1585681683, 574, 17, 24, 0, 0, 0.07%, 11, 4, 4, 450.85
1585681688, 575, 3, 24, 0, 0, 0.07%, 11, 4, 4, 449.75
1585681693, 575, 11, 24, 0, 0, 0.07%, 11, 4, 4, 427.96
1585681698, 576, 3, 24, 0, 0, 0.07%, 11, 4, 4, 437.83
1585681703, 576, 18, 24, 0, 0, 0.07%, 11, 4, 4, 433.49
1585681708, 577, 3, 24, 0, 0, 0.07%, 11, 4, 4, 451.80
1585681713, 577, 18, 24, 0, 0, 0.07%, 11, 4, 4, 425.34
1585681718, 578, 4, 24, 0, 0, 0.07%, 11, 4, 4, 442.21
1585681723, 579, 2, 24, 0, 0, 0.07%, 11, 4, 4, 457.23
1585681729, 579, 5, 24, 0, 0, 0.07%, 11, 4, 4, 437.39
1585681734, 580, 2, 24, 0, 0, 0.07%, 11, 4, 4, 425.98
1585681739, 580, 5, 24, 0, 0, 0.07%, 11, 4, 4, 424.63
1585681744, 580, 18, 24, 0, 0, 0.07%, 11, 4, 4, 424.30
1585681749, 581, 4, 24, 0, 0, 0.07%, 11, 4, 4, 421.49
1585681754, 581, 14, 24, 0, 0, 0.07%, 11, 4, 4, 407.18
1585681759, 581, 18, 24, 0, 0, 0.07%, 11, 4, 4, 335.10
1585681764, 582, 4, 24, 0, 0, 0.07%, 11, 4, 4, 367.93
1585681769, 582, 18, 24, 0, 0, 0.07%, 11, 4, 4, 360.67
1585681774, 582, 19, 24, 0, 0, 0.07%, 11, 4, 4, 390.29
1585681780, 583, 5, 24, 0, 0, 0.07%, 11, 4, 4, 392.88
1585681785, 583, 9, 24, 0, 0, 0.07%, 11, 4, 4, 389.90
1585681790, 583, 18, 24, 0, 0, 0.07%, 11, 4, 4, 387.31
1585681795, 584, 5, 24, 0, 0, 0.07%, 11, 4, 4, 431.92
1585681800, 584, 21, 24, 0, 0, 0.07%, 11, 4, 4, 423.74
1585681805, 585, 4, 24, 0, 0, 0.07%, 11, 4, 4, 432.84
1585681810, 585, 18, 24, 0, 0, 0.07%, 11, 4, 4, 427.25
1585681815, 586, 4, 24, 0, 0, 0.07%, 11, 4, 4, 423.76
1585681820, 586, 18, 24, 0, 0, 0.07%, 11, 4, 4, 413.44
1585681825, 587, 5, 24, 0, 0, 0.07%, 11, 4, 4, 410.41
1585681831, 587, 22, 24, 0, 0, 0.07%, 11, 4, 4, 454.39
1585681836, 588, 5, 24, 0, 0, 0.07%, 11, 4, 4, 435.91
1585681841, 588, 18, 24, 0, 0, 0.07%, 11, 4, 4, 429.89
1585681846, 589, 2, 24, 0, 0, 0.07%, 11, 4, 4, 446.58
1585681851, 589, 5, 24, 0, 0, 0.07%, 11, 4, 4, 447.30
1585681856, 590, 2, 24, 0, 0, 0.07%, 11, 4, 4, 467.75
1585681861, 590, 18, 24, 0, 0, 0.07%, 11, 4, 4, 452.06
1585681866, 591, 3, 24, 0, 0, 0.07%, 11, 4, 4, 448.72
1585681871, 591, 13, 24, 0, 0, 0.07%, 11, 4, 4, 457.92
1585681876, 591, 18, 24, 0, 0, 0.07%, 11, 4, 4, 449.73
1585681882, 592, 5, 24, 0, 0, 0.07%, 11, 4, 4, 466.95
1585681887, 592, 18, 24, 0, 0, 0.07%, 11, 4, 4, 460.88
1585681892, 593, 4, 24, 0, 0, 0.07%, 11, 4, 4, 447.66
1585681897, 593, 18, 24, 0, 0, 0.07%, 11, 4, 4, 431.68
1585681902, 594, 5, 24, 0, 0, 0.07%, 11, 4, 4, 450.39
1585681907, 595, 2, 24, 0, 0, 0.07%, 11, 4, 4, 440.72
1585681912, 595, 18, 24, 0, 0, 0.07%, 11, 4, 4, 428.32
1585681917, 596, 3, 24, 0, 0, 0.07%, 11, 4, 4, 446.77
1585681922, 596, 13, 24, 0, 0, 0.07%, 11, 4, 4, 427.01
1585681927, 596, 19, 24, 0, 0, 0.07%, 11, 4, 4, 425.75
1585681932, 597, 3, 24, 0, 0, 0.07%, 11, 4, 4, 430.09
1585681937, 597, 18, 24, 0, 0, 0.07%, 11, 4, 4, 409.17
1585681942, 597, 20, 24, 0, 0, 0.07%, 11, 4, 4, 438.11
1585681948, 598, 5, 24, 0, 0, 0.07%, 11, 4, 4, 428.89
1585681953, 598, 18, 24, 0, 0, 0.07%, 11, 4, 4, 444.74
1585681958, 599, 4, 24, 0, 0, 0.07%, 11, 4, 4, 442.74
1585681963, 599, 18, 24, 0, 0, 0.07%, 11, 4, 4, 447.16
1585681968, 600, 4, 24, 0, 0, 0.07%, 11, 4, 4, 460.10
1585681973, 600, 18, 24, 0, 0, 0.07%, 11, 4, 4, 444.86
1585681978, 601, 3, 24, 0, 0, 0.07%, 11, 4, 4, 465.40
1585681983, 601, 17, 24, 0, 0, 0.07%, 11, 4, 4, 440.86
1585681988, 602, 2, 24, 0, 0, 0.07%, 11, 4, 4, 431.32
1585681993, 602, 18, 24, 0, 0, 0.07%, 11, 4, 4, 444.32
1585681998, 603, 3, 24, 0, 0, 0.07%, 11, 4, 4, 454.00
1585682003, 603, 18, 24, 0, 0, 0.07%, 11, 4, 4, 440.98
1585682009, 604, 4, 24, 0, 0, 0.07%, 11, 4, 4, 450.86
1585682014, 604, 18, 24, 0, 0, 0.07%, 11, 4, 4, 437.05
1585682019, 605, 4, 24, 0, 0, 0.07%, 11, 4, 4, 408.20
1585682024, 605, 18, 24, 0, 0, 0.07%, 11, 4, 4, 160.34
1585682029, 606, 2, 24, 0, 0, 0.07%, 11, 4, 4, 241.25
1585682034, 606, 5, 24, 0, 0, 0.07%, 11, 4, 4, 384.03
1585682039, 606, 18, 24, 0, 0, 0.07%, 11, 4, 4, 386.56
1585682044, 607, 3, 24, 0, 0, 0.07%, 11, 4, 4, 404.36
1585682049, 607, 8, 24, 0, 0, 0.07%, 11, 4, 4, 386.47
1585682054, 607, 18, 24, 0, 0, 0.07%, 11, 4, 4, 417.45
1585682059, 608, 4, 24, 0, 0, 0.07%, 11, 4, 4, 432.51
1585682064, 609, 2, 24, 0, 0, 0.07%, 11, 4, 4, 417.76
1585682069, 609, 5, 24, 0, 0, 0.07%, 11, 4, 4, 407.92
1585682074, 609, 18, 24, 0, 0, 0.07%, 11, 4, 4, 396.55
1585682079, 609, 21, 24, 0, 0, 0.07%, 11, 4, 4, 424.02
1585682084, 610, 4, 24, 0, 0, 0.07%, 11, 4, 4, 437.93
1585682089, 611, 2, 24, 0, 0, 0.07%, 11, 4, 4, 449.24
1585682094, 611, 5, 24, 0, 0, 0.07%, 11, 4, 4, 443.52
1585682099, 611, 18, 24, 0, 0, 0.07%, 11, 4, 4, 433.75
1585682104, 612, 4, 24, 0, 0, 0.07%, 11, 4, 4, 421.30
1585682110, 612, 18, 24, 0, 0, 0.07%, 11, 4, 4, 423.74
1585682115, 613, 5, 24, 0, 0, 0.07%, 11, 4, 4, 426.20
1585682120, 614, 3, 24, 0, 0, 0.07%, 11, 4, 4, 446.28
1585682125, 614, 10, 24, 0, 0, 0.07%, 11, 4, 4, 443.49
1585682130, 615, 2, 24, 0, 0, 0.07%, 11, 4, 4, 430.74
1585682135, 615, 5, 24, 0, 0, 0.07%, 11, 4, 4, 433.14
1585682140, 616, 3, 24, 0, 0, 0.07%, 11, 4, 4, 444.83
1585682145, 616, 18, 24, 0, 0, 0.07%, 11, 4, 4, 450.09
1585682150, 617, 3, 24, 0, 0, 0.07%, 11, 4, 4, 453.07
1585682155, 617, 18, 24, 0, 0, 0.07%, 11, 4, 4, 454.63
1585682160, 618, 4, 24, 0, 0, 0.07%, 11, 4, 4, 456.13
1585682165, 618, 19, 24, 0, 0, 0.07%, 11, 4, 4, 461.11
1585682170, 619, 3, 24, 0, 0, 0.07%, 11, 4, 4, 447.00
1585682175, 619, 12, 24, 0, 0, 0.07%, 11, 4, 4, 461.59
1585682180, 620, 3, 24, 0, 0, 0.07%, 11, 4, 4, 451.95
1585682185, 620, 18, 24, 0, 0, 0.07%, 11, 4, 4, 400.39
1585682190, 621, 3, 24, 0, 0, 0.07%, 11, 4, 4, 420.92
1585682196, 621, 18, 24, 0, 0, 0.07%, 11, 4, 4, 452.24
1585682201, 622, 4, 24, 0, 0, 0.07%, 11, 4, 4, 431.16
1585682206, 622, 13, 24, 0, 0, 0.07%, 11, 4, 4, 450.09
1585682211, 623, 2, 24, 0, 0, 0.07%, 11, 4, 4, 466.87
1585682216, 623, 14, 24, 0, 0, 0.07%, 11, 4, 4, 454.23
1585682221, 624, 2, 24, 0, 0, 0.07%, 11, 4, 4, 418.49
1585682226, 624, 5, 24, 0, 0, 0.07%, 11, 4, 4, 416.47
1585682231, 624, 18, 24, 0, 0, 0.07%, 11, 4, 4, 393.73
1585682236, 625, 4, 24, 0, 0, 0.07%, 11, 4, 4, 411.23
1585682242, 625, 18, 24, 0, 0, 0.07%, 11, 4, 4, 421.59
1585682247, 626, 3, 24, 0, 0, 0.07%, 11, 4, 4, 426.49
1585682252, 626, 18, 24, 0, 0, 0.07%, 11, 4, 4, 434.10
1585682257, 627, 4, 24, 0, 0, 0.07%, 11, 4, 4, 436.70
1585682262, 628, 2, 24, 0, 0, 0.07%, 11, 4, 4, 427.32
1585682267, 628, 5, 24, 0, 0, 0.07%, 11, 4, 4, 414.46
1585682272, 628, 20, 24, 0, 0, 0.07%, 11, 4, 4, 426.28
1585682278, 629, 1, 24, 0, 0, 0.07%, 11, 4, 4, 403.73
1585682283, 629, 5, 24, 0, 0, 0.07%, 11, 4, 4, 407.53
1585682288, 630, 1, 24, 0, 0, 0.07%, 11, 4, 4, 367.75
1585682293, 630, 4, 24, 0, 0, 0.07%, 11, 4, 4, 373.72
1585682298, 630, 18, 24, 0, 0, 0.07%, 11, 4, 4, 391.70
1585682303, 631, 4, 24, 0, 0, 0.07%, 11, 4, 4, 388.47
1585682308, 631, 18, 24, 0, 0, 0.07%, 11, 4, 4, 417.21
1585682314, 632, 3, 24, 0, 0, 0.07%, 11, 4, 4, 415.73
1585682319, 632, 18, 24, 0, 0, 0.07%, 11, 4, 4, 425.69
1585682324, 633, 4, 24, 0, 0, 0.07%, 11, 4, 4, 435.23
1585682329, 633, 18, 24, 0, 0, 0.07%, 11, 4, 4, 432.48
1585682334, 634, 4, 24, 0, 0, 0.07%, 11, 4, 4, 407.53
1585682339, 634, 18, 24, 0, 0, 0.07%, 11, 4, 4, 439.32
1585682344, 635, 4, 24, 0, 0, 0.07%, 11, 4, 4, 384.60
1585682349, 636, 2, 24, 0, 0, 0.07%, 11, 4, 4, 385.83
1585682354, 636, 5, 24, 0, 0, 0.07%, 11, 4, 4, 378.74
1585682359, 636, 17, 24, 0, 0, 0.07%, 11, 4, 4, 388.52
1585682364, 637, 3, 24, 0, 0, 0.07%, 11, 4, 4, 413.38
1585682370, 637, 18, 24, 0, 0, 0.07%, 11, 4, 4, 425.87
1585682375, 638, 4, 24, 0, 0, 0.07%, 11, 4, 4, 410.90
1585682380, 638, 18, 24, 0, 0, 0.07%, 11, 4, 4, 419.59
1585682385, 639, 4, 24, 0, 0, 0.07%, 11, 4, 4, 441.65
1585682390, 639, 18, 24, 0, 0, 0.07%, 11, 4, 4, 435.92
1585682395, 640, 4, 24, 0, 0, 0.07%, 11, 4, 4, 441.42
1585682400, 640, 18, 24, 0, 0, 0.07%, 11, 4, 4, 446.35
1585682405, 641, 3, 24, 0, 0, 0.07%, 11, 4, 4, 445.05
1585682410, 641, 17, 24, 0, 0, 0.07%, 11, 4, 4, 461.63
1585682415, 642, 2, 24, 0, 0, 0.07%, 11, 4, 4, 450.63
1585682420, 642, 18, 24, 0, 0, 0.07%, 11, 4, 4, 450.50
1585682425, 643, 3, 24, 0, 0, 0.07%, 11, 4, 4, 447.44
1585682430, 643, 15, 24, 0, 0, 0.07%, 11, 4, 4, 446.92
1585682436, 644, 2, 24, 0, 0, 0.07%, 11, 4, 4, 453.37
1585682441, 644, 18, 24, 0, 0, 0.07%, 11, 4, 4, 408.98
1585682446, 645, 3, 24, 0, 0, 0.07%, 11, 4, 4, 360.50
1585682451, 645, 18, 24, 0, 0, 0.07%, 11, 4, 4, 387.24
1585682456, 646, 3, 24, 0, 0, 0.07%, 11, 4, 4, 409.31
1585682461, 646, 18, 24, 0, 0, 0.07%, 11, 4, 4, 417.90
1585682466, 647, 4, 24, 0, 0, 0.07%, 11, 4, 4, 421.95
1585682471, 647, 18, 24, 0, 0, 0.07%, 11, 4, 4, 433.95
1585682476, 648, 4, 24, 0, 0, 0.07%, 11, 4, 4, 429.03
1585682482, 648, 22, 24, 0, 0, 0.07%, 11, 4, 4, 444.33
1585682487, 649, 4, 24, 0, 0, 0.07%, 11, 4, 4, 431.77
1585682492, 649, 18, 24, 0, 0, 0.07%, 11, 4, 4, 430.81
1585682497, 650, 5, 24, 0, 0, 0.07%, 11, 4, 4, 436.92
1585682502, 650, 18, 24, 0, 0, 0.07%, 11, 4, 4, 454.70
1585682507, 651, 2, 24, 0, 0, 0.07%, 11, 4, 4, 449.66
1585682513, 651, 18, 24, 0, 0, 0.07%, 11, 4, 4, 449.89
1585682518, 652, 3, 24, 0, 0, 0.07%, 11, 4, 4, 447.15
1585682523, 652, 18, 24, 0, 0, 0.07%, 11, 4, 4, 427.05
1585682528, 653, 4, 24, 0, 0, 0.07%, 11, 4, 4, 437.07
1585682533, 653, 18, 24, 0, 0, 0.07%, 11, 4, 4, 430.24
1585682538, 654, 5, 24, 0, 0, 0.07%, 11, 4, 4, 437.36
1585682543, 655, 2, 24, 0, 0, 0.07%, 11, 4, 4, 438.59
1585682548, 655, 18, 24, 0, 0, 0.07%, 11, 4, 4, 435.03
1585682553, 656, 3, 24, 0, 0, 0.07%, 11, 4, 4, 441.03
1585682558, 656, 18, 24, 0, 0, 0.07%, 11, 4, 4, 436.68
1585682563, 657, 4, 24, 0, 0, 0.07%, 11, 4, 4, 442.26
1585682568, 657, 18, 24, 0, 0, 0.07%, 11, 4, 4, 440.83
1585682573, 658, 4, 24, 0, 0, 0.07%, 11, 4, 4, 434.68
1585682579, 658, 18, 24, 0, 0, 0.07%, 11, 4, 4, 454.78
1585682584, 659, 2, 24, 0, 0, 0.07%, 11, 4, 4, 429.45
1585682589, 659, 5, 24, 0, 0, 0.07%, 11, 4, 4, 425.60
1585682594, 660, 2, 24, 0, 0, 0.07%, 11, 4, 4, 427.17
1585682599, 660, 5, 24, 0, 0, 0.07%, 11, 4, 4, 413.16
1585682604, 661, 2, 24, 0, 0, 0.07%, 11, 4, 4, 417.02
1585682609, 661, 5, 24, 0, 0, 0.07%, 11, 4, 4, 427.82
1585682614, 662, 3, 24, 0, 0, 0.07%, 11, 4, 4, 439.21
1585682619, 662, 6, 24, 0, 0, 0.07%, 11, 4, 4, 426.12
1585682624, 662, 18, 24, 0, 0, 0.07%, 11, 4, 4, 341.11
1585682629, 663, 3, 24, 0, 0, 0.07%, 11, 4, 4, 307.36
1585682635, 663, 18, 24, 0, 0, 0.07%, 11, 4, 4, 323.71
1585682640, 664, 1, 24, 0, 0, 0.07%, 11, 4, 4, 332.60
1585682645, 664, 3, 24, 0, 0, 0.07%, 11, 4, 4, 274.96
1585682650, 664, 7, 24, 0, 0, 0.07%, 11, 4, 4, 340.43
1585682655, 664, 15, 24, 0, 0, 0.07%, 11, 4, 4, 348.67
1585682660, 665, 2, 24, 0, 0, 0.07%, 11, 4, 4, 376.69
1585682665, 665, 5, 24, 0, 0, 0.07%, 11, 4, 4, 364.17
1585682670, 665, 7, 24, 0, 0, 0.07%, 11, 4, 4, 357.93
1585682675, 665, 18, 24, 0, 0, 0.07%, 11, 4, 4, 363.72
1585682680, 666, 4, 24, 0, 0, 0.07%, 11, 4, 4, 362.16
1585682685, 666, 18, 24, 0, 0, 0.07%, 11, 4, 4, 367.71
1585682690, 667, 2, 24, 0, 0, 0.07%, 11, 4, 4, 353.36
1585682695, 667, 5, 24, 0, 0, 0.07%, 11, 4, 4, 376.42
1585682700, 668, 2, 24, 0, 0, 0.07%, 11, 4, 4, 353.52
1585682705, 668, 5, 24, 0, 0, 0.07%, 11, 4, 4, 413.12
1585682711, 668, 18, 24, 0, 0, 0.07%, 11, 4, 4, 373.58
1585682716, 669, 4, 24, 0, 0, 0.07%, 11, 4, 4, 402.03
1585682721, 669, 10, 24, 0, 0, 0.07%, 11, 4, 4, 394.09
1585682726, 670, 3, 24, 0, 0, 0.07%, 11, 4, 4, 383.66
1585682731, 670, 18, 24, 0, 0, 0.07%, 11, 4, 4, 407.40
1585682736, 671, 3, 24, 0, 0, 0.07%, 11, 4, 4, 421.23
1585682741, 671, 12, 24, 0, 0, 0.07%, 11, 4, 4, 385.03
1585682746, 672, 2, 24, 0, 0, 0.07%, 11, 4, 4, 382.02
1585682751, 672, 5, 24, 0, 0, 0.07%, 11, 4, 4, 409.15
1585682756, 672, 18, 24, 0, 0, 0.07%, 11, 4, 4, 418.41
1585682762, 673, 3, 24, 0, 0, 0.07%, 11, 4, 4, 433.31
1585682767, 673, 18, 24, 0, 0, 0.07%, 11, 4, 4, 431.34
1585682772, 674, 4, 24, 0, 0, 0.07%, 11, 4, 4, 406.49
1585682777, 674, 18, 24, 0, 0, 0.07%, 11, 4, 4, 385.09
1585682782, 675, 3, 24, 0, 0, 0.07%, 11, 4, 4, 428.00
1585682787, 675, 18, 24, 0, 0, 0.07%, 11, 4, 4, 455.30
1585682792, 676, 5, 24, 0, 0, 0.07%, 11, 4, 4, 424.17
1585682797, 677, 2, 24, 0, 0, 0.07%, 11, 4, 4, 454.01
1585682802, 677, 5, 24, 0, 0, 0.07%, 11, 4, 4, 448.56
1585682807, 678, 2, 24, 0, 0, 0.07%, 11, 4, 4, 463.34
1585682812, 678, 5, 24, 0, 0, 0.07%, 11, 4, 4, 451.27
1585682817, 679, 2, 24, 0, 0, 0.07%, 11, 4, 4, 458.63
1585682822, 679, 12, 24, 0, 0, 0.07%, 11, 4, 4, 448.76
1585682828, 679, 18, 24, 0, 0, 0.07%, 11, 4, 4, 450.29
1585682833, 680, 5, 24, 0, 0, 0.07%, 11, 4, 4, 428.74
